   8.4372075e+01   2.2205241e+01   1.1676839e-01   4.7250804e-02   9.8298964e-02   2.0746765e-02   5.4462475e-02   2.3677002e-02   2.7219223e-02   1.1791007e-02
   7.7921132e+01   2.6247644e+01   8.7197900e-02   3.0628580e-02   8.7794104e-02   2.5151630e-02   8.2978308e-02   4.0625631e-02   1.8134810e-02   9.4680186e-03
   7.5200916e+01   2.0390271e+01   1.4267015e-01   4.1557543e-02   9.0117793e-02   1.9799861e-02   4.8497378e-02   1.8125993e-02   3.3908317e-02   1.1275289e-02
   9.1548234e+01   3.2133478e+01   8.9757071e-02   5.4299468e-02   1.0904039e-01   3.4087716e-02   6.1356074e-02   2.5202926e-02   1.9405737e-02   1.5618791e-02
   9.8074133e+01   2.7322895e+01   1.3165454e-01   4.0229192e-02   1.1294513e-01   2.8860797e-02   5.7252229e-02   2.2235746e-02   3.1408643e-02   1.3181701e-02
   5.8373460e+01   2.0771242e+01   1.3848489e-01   7.6844377e-02   7.5301675e-02   2.4836230e-02   5.3812992e-02   2.2223087e-02   3.2305135e-02   1.8351066e-02
   5.6277096e+01   2.2035818e+01   1.0176117e-01   5.9240370e-02   7.2964738e-02   2.7056460e-02   6.4002133e-02   2.6101366e-02   1.9047223e-02   1.1021606e-02
   5.8155714e+01   3.1909852e+01   1.2868373e-01   8.6593185e-02   7.3193738e-02   3.3969353e-02   6.1375603e-02   3.2962507e-02   2.8458025e-02   1.8710486e-02
   6.1921895e+01   2.1415376e+01   1.0646031e-01   6.6722645e-02   7.8847959e-02   2.5598118e-02   5.9437831e-02   2.4559955e-02   2.3758704e-02   1.5056297e-02
   4.1374746e+01   2.3562385e+01   6.8883710e-02   4.1203987e-02   5.6300721e-02   2.7725402e-02   7.9864278e-02   3.2943513e-02   1.1636265e-02   7.4585538e-03
   7.2805956e+01   2.9977924e+01   9.3495403e-02   6.3670445e-02   8.6266806e-02   2.9157471e-02   5.8045727e-02   2.3766533e-02   2.2786269e-02   1.6061042e-02
   5.0599111e+01   1.5611631e+01   6.3385436e-02   2.4474715e-02   6.0761113e-02   1.9944888e-02   7.1463001e-02   2.6788698e-02   1.1302452e-02   4.8705039e-03
   5.5422651e+01   2.2680133e+01   9.2944620e-02   7.3273023e-02   6.5968311e-02   2.7180932e-02   7.1922152e-02   3.4101792e-02   1.7504994e-02   1.1547153e-02
   6.7189725e+01   2.9014571e+01   1.0148486e-01   8.6006092e-02   8.0967630e-02   3.1670253e-02   5.5468872e-02   2.0391471e-02   2.2985507e-02   1.9013934e-02
   5.8196378e+01   1.8399550e+01   9.9653424e-02   8.1777150e-02   6.8514944e-02   2.2398875e-02   6.4404659e-02   2.7270950e-02   2.3549706e-02   1.9013696e-02
   5.9366309e+01   2.3825573e+01   3.4722617e-02   2.9486643e-02   7.5774437e-02   2.5317438e-02   6.9930321e-02   2.7938672e-02   7.4505320e-03   6.0562227e-03
   3.9333556e+01   1.5469232e+01   2.3170933e-02   1.2918900e-02   4.7699779e-02   2.0567321e-02   9.3909199e-02   4.0038303e-02   4.8663069e-03   2.8993792e-03
   7.0600517e+01   1.6718341e+01   1.2433803e-01   1.0879086e-01   8.1181868e-02   1.6737137e-02   5.2093193e-02   1.8901147e-02   2.8569302e-02   2.5120450e-02
   5.7346778e+01   2.1164982e+01   5.7595707e-02   5.8724524e-02   7.0718644e-02   2.8778610e-02   6.6227946e-02   2.5655229e-02   1.0783762e-02   1.0485093e-02
   4.4084158e+01   2.7472567e+01   2.3824340e-02   1.5544932e-02   5.7643683e-02   3.2871397e-02   7.0416922e-02   3.0918839e-02   5.2418333e-03   3.1930291e-03
   5.6966879e+01   2.0081636e+01   1.2214062e-01   7.3239558e-02   6.9891594e-02   2.2800312e-02   5.5610067e-02   2.1179345e-02   2.7476600e-02   1.6769549e-02
   6.6350909e+01   1.8775154e+01   1.5202684e-01   1.3208172e-01   7.9636779e-02   2.3552606e-02   4.9939427e-02   2.1452032e-02   3.4722838e-02   2.9360707e-02
   5.6340437e+01   1.8637491e+01   1.5281604e-01   9.7282448e-02   6.8466116e-02   1.9895246e-02   5.6077466e-02   2.3692424e-02   3.4042733e-02   2.1650180e-02
   3.3905650e+01   1.4038282e+01   4.9096254e-02   1.9748389e-02   4.4256450e-02   1.8622136e-02   8.9093879e-02   4.7717562e-02   9.0152725e-03   3.8979468e-03
   5.9101127e+01   1.5040790e+01   2.1611697e-01   7.5484539e-02   7.1703155e-02   1.7804684e-02   5.3661949e-02   1.9565968e-02   4.9540994e-02   1.6806659e-02
   5.7222304e+01   1.7119220e+01   2.0689461e-01   6.8607074e-02   6.8296542e-02   1.9701448e-02   5.1171648e-02   2.3578107e-02   4.9443036e-02   1.5935070e-02
   7.0842144e+01   1.9922840e+01   1.2817113e-01   1.2224674e-01   8.1792409e-02   2.0827332e-02   5.5975634e-02   2.1450173e-02   2.7850526e-02   2.5293443e-02
   4.6409180e+01   1.4760958e+01   8.3668648e-02   4.3283924e-02   5.3491400e-02   1.6698614e-02   7.4982461e-02   2.3553771e-02   1.6446346e-02   8.7555496e-03
   6.7402863e+01   2.3334754e+01   2.0090994e-01   8.2513399e-02   8.1163699e-02   2.6405280e-02   5.3987978e-02   2.2937145e-02   4.5418600e-02   1.9000817e-02
   7.5083293e+01   2.9264792e+01   1.3515152e-01   1.1535802e-01   9.2273801e-02   3.3738550e-02   5.1707898e-02   2.0558655e-02   3.0140888e-02   2.5176187e-02
   5.2235009e+01   2.2532678e+01   8.8246190e-02   4.5710736e-02   6.3733194e-02   2.9320640e-02   6.9113336e-02   3.8139714e-02   2.1828808e-02   1.2136423e-02
   3.4476506e+01   1.5221926e+01   8.9514539e-02   6.7998977e-02   3.9511794e-02   1.6741321e-02   7.6744341e-02   3.7212719e-02   2.2905166e-02   1.7050620e-02
   3.2219539e+01   5.8970882e+00   2.2424553e-02   1.2178503e-02   3.6601790e-02   7.8966160e-03   7.2775641e-02   1.9486189e-02   4.1638786e-03   2.4585379e-03
   4.3097698e+01   2.2132941e+01   3.5835585e-02   3.8532754e-02   5.4471748e-02   2.6088204e-02   7.1562975e-02   2.6236206e-02   7.5322183e-03   8.8528775e-03
   6.0266633e+01   3.3469704e+01   1.1577650e-01   8.1027488e-02   7.3650224e-02   3.8425096e-02   6.8857390e-02   2.8635142e-02   2.4659989e-02   1.7217837e-02
   5.0377234e+01   3.8585540e+01   1.3481691e-01   8.7380554e-02   6.1189968e-02   4.5174357e-02   6.3052538e-02   2.9983293e-02   3.4981838e-02   2.2301854e-02
   4.9830457e+01   2.4544070e+01   4.3192451e-02   3.3013051e-02   5.9358724e-02   3.3997489e-02   9.1541902e-02   6.2889364e-02   1.0658895e-02   8.8775426e-03
   7.8663715e+01   3.9622655e+01   1.3564638e-01   1.0484739e-01   9.4027450e-02   4.1746943e-02   5.5439571e-02   2.4804138e-02   3.1623739e-02   2.5910358e-02
   6.1346831e+01   2.1921925e+01   1.4124898e-01   1.0705456e-01   7.5864901e-02   2.7436049e-02   5.9062844e-02   2.3704581e-02   2.8556142e-02   2.3006324e-02
   8.7880502e+01   4.4109587e+01   4.0213415e-02   4.6221989e-02   1.0907635e-01   4.8702557e-02   5.7661910e-02   2.6469297e-02   1.0810751e-02   1.2949779e-02
   6.0090017e+01   1.9892751e+01   6.1213152e-02   4.2923084e-02   7.2696372e-02   2.4702470e-02   6.3124130e-02   2.1921159e-02   1.2562108e-02   9.5988869e-03
   6.3382983e+01   2.8464117e+01   6.3874190e-02   6.9802162e-02   7.8850609e-02   3.3955815e-02   6.5108659e-02   2.5663258e-02   1.2001047e-02   1.2322025e-02
   8.3461062e+01   1.4476415e+01   4.3267649e-01   1.5928611e-01   9.3918502e-02   1.6683484e-02   4.8484917e-02   1.4813938e-02   9.4493313e-02   3.5172698e-02
   4.7295981e+01   1.0604814e+01   3.0281552e-01   1.2998002e-01   5.1095037e-02   1.5013953e-02   1.0784362e-01   6.4356079e-02   5.3827383e-02   3.1989942e-02
   6.1589659e+01   2.0233290e+01   5.3013907e-02   2.0209591e-02   7.1771288e-02   2.3350508e-02   7.2022892e-02   2.9172837e-02   1.0267583e-02   5.2870377e-03
   5.6392691e+01   1.5090586e+01   4.1750100e-01   1.2812929e-01   6.2311620e-02   1.5964315e-02   7.2236607e-02   2.8559830e-02   8.2292634e-02   3.7891824e-02
   8.6341018e+01   2.0425636e+01   3.8978465e-01   7.0157878e-02   1.1171194e-01   2.4594654e-02   2.9610378e-02   9.0801168e-03   8.1809572e-02   1.8201789e-02
   5.4478411e+01   1.6629135e+01   2.8509900e-02   1.6325917e-02   6.6323356e-02   2.0479529e-02   6.6064604e-02   2.2533215e-02   5.3774474e-03   3.5030120e-03
   6.7820945e+01   3.1788430e+01   4.8539091e-01   1.6407411e-01   8.7284809e-02   4.2877788e-02   5.6398368e-02   3.1883732e-02   1.0620867e-01   4.6930554e-02
   9.3398926e+01   3.9893214e+01   4.3408056e-01   1.8036110e-01   1.0957137e-01   3.4195896e-02   3.3572354e-02   1.3464169e-02   9.2034069e-02   4.7995697e-02
   3.7559564e+01   1.1555143e+01   2.3326643e-02   1.2057246e-02   4.9560168e-02   1.4801880e-02   6.5836463e-02   2.3715914e-02   4.6538377e-03   2.6951224e-03
   4.1102014e+01   2.7901270e+01   2.4567281e-01   1.8228282e-01   6.0144270e-02   4.0072978e-02   7.9860170e-02   6.8611585e-02   5.9571798e-02   4.7376546e-02
   9.7594919e+01   4.7510705e+01   1.9725593e-01   1.2591065e-01   1.2710074e-01   4.8348260e-02   3.2152798e-02   1.3156957e-02   4.4198368e-02   2.5293061e-02
   6.9166415e+01   2.0985843e+01   4.3697690e-01   1.6327140e-01   8.7765751e-02   2.3093559e-02   4.4649023e-02   1.7340162e-02   9.3821741e-02   3.8974614e-02
   9.3752768e+01   3.5346126e+01   5.0600176e-01   1.2105150e-01   1.1535440e-01   3.8366053e-02   4.1376395e-02   2.1116655e-02   1.3302019e-01   4.0401039e-02
   5.2845388e+01   1.6380441e+01   3.3318619e-02   2.3850726e-02   5.9376893e-02   2.2912292e-02   1.1273748e-01   6.1213510e-02   5.1684604e-03   3.7471485e-03
   7.2661990e+01   2.3723369e+01   5.7364728e-01   1.6186210e-01   9.6825567e-02   2.6205864e-02   4.7437170e-02   1.8830268e-02   1.0691179e-01   3.1662508e-02
   8.0319771e+01   3.9033393e+01   5.4450788e-02   3.1733112e-02   9.5391231e-02   4.0683549e-02   5.6950956e-02   2.7174534e-02   1.2801102e-02   8.2057276e-03
   6.8177799e+01   2.3398562e+01   9.0037312e-02   3.3665716e-02   8.1914668e-02   2.6327937e-02   7.2237362e-02   2.9294208e-02   1.6052975e-02   7.1746678e-03
   7.8021811e+01   2.8703915e+01   2.3453596e-01   1.2023769e-01   9.3382843e-02   3.0106468e-02   4.2832511e-02   1.8845515e-02   5.4948372e-02   2.6280415e-02
   8.7202140e+01   3.1207993e+01   2.3868645e-01   9.4640805e-02   1.0410005e-01   3.1841721e-02   3.6244205e-02   1.4637784e-02   5.4354698e-02   1.9483985e-02
   6.3246645e+01   2.5684256e+01   1.5835221e-01   9.8386687e-02   7.6214268e-02   2.7687245e-02   5.7214348e-02   2.2703253e-02   3.4836944e-02   1.9476155e-02
   5.8907696e+01   3.2394070e+01   1.3046156e-01   1.2650188e-01   7.4066588e-02   3.5108737e-02   5.7020227e-02   3.2842068e-02   2.9715716e-02   3.0311924e-02
   3.3099224e+01   7.2278094e+00   5.4844015e-02   3.4291627e-02   3.6076036e-02   6.5810970e-03   1.1826916e-01   6.4642570e-02   9.2574373e-03   8.9658792e-03
   3.6896859e+01   1.2993685e+01   3.5273684e-02   4.1330167e-02   4.2289698e-02   1.2365581e-02   1.0283572e-01   4.5338827e-02   6.4640965e-03   9.5422404e-03
   4.4263431e+01   1.2773054e+01   8.5414159e-02   6.7302189e-02   4.7552916e-02   1.4602798e-02   1.0071286e-01   3.7769906e-02   1.8938883e-02   1.5501787e-02
   4.2527588e+01   8.5629524e+00   8.7162840e-02   6.6695880e-02   4.5059654e-02   9.6002476e-03   1.1677229e-01   6.0693484e-02   1.8111522e-02   1.5195808e-02
   3.7442812e+01   1.2637793e+01   9.2995104e-02   1.0946103e-01   4.6283385e-02   1.6416837e-02   8.2798108e-02   2.6485013e-02   1.8329599e-02   2.4025858e-02
   8.1726247e+01   1.7164845e+01   1.8395286e-01   9.2674051e-02   9.5262915e-02   1.8344130e-02   5.3287149e-02   1.7889146e-02   3.9386378e-02   2.0364245e-02
   6.7967692e+01   1.9460782e+01   8.7980758e-02   3.3951168e-02   7.9332834e-02   2.0994626e-02   6.5431669e-02   2.7861482e-02   1.7264416e-02   7.3792431e-03
   5.8393391e+01   2.1161010e+01   9.8993298e-02   7.9242336e-02   7.0884433e-02   2.3755519e-02   6.3643580e-02   2.8428721e-02   2.2832205e-02   1.9363962e-02
   6.3923232e+01   2.0504378e+01   1.5541902e-01   1.1337470e-01   7.5914108e-02   2.3514729e-02   6.4733348e-02   2.6392818e-02   3.3297649e-02   2.1246531e-02
   4.6895924e+01   2.2872937e+01   6.3381035e-02   4.2117828e-02   6.3788078e-02   2.8500782e-02   6.4938780e-02   2.5010916e-02   1.2833519e-02   7.0415096e-03
   6.3081365e+01   1.9101390e+01   1.3433497e-01   7.0725813e-02   7.0972626e-02   2.2251831e-02   7.1197405e-02   2.9725260e-02   2.9445051e-02   1.5035743e-02
   5.9282573e+01   1.8286232e+01   1.2011042e-01   8.8182188e-02   7.2138823e-02   2.2188273e-02   5.4844648e-02   1.9181719e-02   2.7254144e-02   2.0221884e-02
   5.0017288e+01   2.0448684e+01   4.6814201e-02   2.6249452e-02   6.0922359e-02   2.5784101e-02   7.9186728e-02   3.8457647e-02   9.8532795e-03   5.4130363e-03
   5.9332114e+01   2.0523694e+01   1.8297711e-01   1.0878636e-01   7.1766367e-02   2.2621522e-02   5.3764824e-02   2.0909611e-02   4.0068362e-02   2.2054704e-02
   4.5692335e+01   1.4991561e+01   4.8631488e-02   5.5535568e-02   4.8368989e-02   1.5887455e-02   1.0511125e-01   4.3565552e-02   7.9829847e-03   9.9239767e-03
   3.8113199e+01   9.9239730e+00   1.8074544e-02   1.1138064e-02   4.1306701e-02   1.0457963e-02   1.0410621e-01   3.7075081e-02   3.4370132e-03   3.4626879e-03
   5.0134353e+01   1.8487991e+01   5.4274827e-02   3.5792798e-02   5.2151087e-02   1.9103735e-02   9.8226037e-02   4.2039002e-02   1.3109214e-02   8.9530377e-03
   2.1959535e+01   1.1279585e+01   1.4690121e-02   1.4680693e-02   3.1600881e-02   1.1219043e-02   7.8801979e-02   2.8107240e-02   2.5348959e-03   2.1740943e-03
   4.9202177e+01   1.7255872e+01   4.9570341e-02   2.1420337e-02   6.0579806e-02   2.0914635e-02   6.8277334e-02   2.7708698e-02   1.1006913e-02   5.2029194e-03
   7.5584264e+01   2.6749141e+01   1.3669315e-01   5.0573259e-02   8.7438681e-02   3.1216431e-02   5.4820846e-02   2.1581548e-02   2.7647967e-02   1.1770254e-02
   4.6941054e+01   8.3768406e+00   1.1702805e-01   5.7363495e-02   5.0849382e-02   1.0790113e-02   8.2906913e-02   4.4780679e-02   1.9859926e-02   1.0387690e-02
   5.1430267e+01   9.4917380e+00   6.9413343e-02   4.9167843e-02   5.7967312e-02   1.3385133e-02   6.1101186e-02   2.0772591e-02   1.4737866e-02   1.2413981e-02
   7.8351641e+01   2.5905519e+01   1.3151591e-01   6.9577062e-02   9.1674237e-02   2.9093065e-02   3.7920605e-02   1.2617099e-02   2.9535591e-02   1.4834481e-02
   6.4901184e+01   2.6410442e+01   1.0815269e-01   6.3546473e-02   7.6928900e-02   3.1772065e-02   4.4130325e-02   1.9541504e-02   2.4985637e-02   1.3853367e-02
   4.5595617e+01   9.6290587e+00   6.2859161e-02   3.3104093e-02   5.1055672e-02   1.2629390e-02   7.1742858e-02   2.5713810e-02   1.1181524e-02   6.5837631e-03
   6.0383844e+01   1.6380883e+01   9.0899280e-02   4.8643697e-02   7.0606983e-02   1.9887473e-02   5.1786409e-02   2.5680101e-02   2.1553348e-02   1.0287980e-02
   1.5062343e+02   3.6910015e+01   1.1614763e-01   4.7196442e-02   1.6681277e-01   3.3386815e-02   4.4593879e-02   1.5987835e-02   2.9521790e-02   1.2906102e-02
   1.2710138e+02   3.9698403e+01   7.4350188e-02   3.0745215e-02   1.5211740e-01   4.4199696e-02   4.7539559e-02   1.7822081e-02   1.7752233e-02   8.0171355e-03
   1.3016688e+02   4.6623918e+01   1.4655913e-01   6.2978425e-02   1.5257237e-01   4.5474137e-02   4.7960937e-02   1.9148272e-02   3.4168504e-02   1.6522361e-02
   1.2690474e+02   6.8547684e+01   2.1116243e-01   7.7777935e-02   1.3106301e-01   5.8127748e-02   1.0456332e-01   5.5036166e-02   6.1930842e-02   3.5408842e-02
   9.7770151e+01   3.2752558e+01   2.6236728e-01   1.0804685e-01   1.0832349e-01   2.9386536e-02   6.2322356e-02   2.7590766e-02   7.0559551e-02   3.6612494e-02
   4.7689278e+01   3.0874640e+01   4.3053584e-02   2.6690241e-02   7.0249667e-02   3.5108956e-02   6.7632193e-02   3.0260443e-02   8.5297202e-03   5.5830853e-03
   9.8824867e+01   5.6736810e+01   4.1077796e-02   4.7049829e-02   1.2446630e-01   6.2206911e-02   6.3244389e-02   3.8675129e-02   9.6666867e-03   1.1101184e-02
   9.5146252e+01   5.1189479e+01   1.8719762e-01   8.9493085e-02   1.1759327e-01   4.8753729e-02   4.5653612e-02   1.9767629e-02   4.2258145e-02   2.1093255e-02
   7.1416901e+01   2.6110839e+01   1.1430371e-01   5.7808452e-02   8.5936364e-02   3.0325948e-02   6.3278988e-02   2.9537433e-02   2.9138974e-02   1.9426525e-02
   9.9418070e+01   4.7335631e+01   1.0262541e-01   6.3732803e-02   1.2362032e-01   4.6981417e-02   4.5107025e-02   2.3822431e-02   2.4895314e-02   1.6322937e-02
   5.0023332e+01   1.3970706e+01   3.3852937e-02   7.3796453e-03   8.0767018e-02   2.0111365e-02   5.1438582e-02   1.5829332e-02   6.0739466e-03   1.4678973e-03
   6.6213184e+01   2.9646121e+01   6.3719810e-01   5.7683147e-02   1.0727751e-01   4.1710113e-02   5.6381402e-02   3.1643004e-02   1.4480440e-01   4.8290417e-02
   7.8433200e+01   2.2640418e+01   5.9561356e-01   4.0048718e-02   1.2707273e-01   2.9678415e-02   4.2418503e-02   1.4697832e-02   1.6292580e-01   4.2963790e-02
   5.3395560e+01   5.4251923e+01   4.0227209e-01   1.0632932e-01   7.4140865e-02   6.2641720e-02   6.7694189e-02   3.2704287e-02   1.0860342e-01   4.3057130e-02
   7.1498210e+01   4.1191903e+01   5.8008694e-01   8.9154941e-02   1.0269374e-01   4.8845988e-02   4.6608589e-02   2.1955881e-02   1.3988237e-01   5.9088456e-02
   7.6849860e+01   2.8953025e+01   5.7112273e-01   5.2139310e-02   1.2429866e-01   3.5558771e-02   4.2016004e-02   1.8609974e-02   1.3852772e-01   4.3177081e-02
   9.0320555e+01   4.3399766e+01   5.5499817e-01   6.9902383e-02   1.3651743e-01   4.7061768e-02   3.9435802e-02   1.8617775e-02   1.6043291e-01   4.2280755e-02
   8.2675604e+01   4.2209705e+01   6.0449762e-01   8.6728037e-02   1.2844942e-01   5.2816966e-02   4.2501615e-02   2.0222900e-02   1.5589438e-01   5.1700319e-02
   6.5439977e+01   2.8545939e+01   6.2725896e-01   4.8548219e-02   1.1300375e-01   4.2423717e-02   5.2810221e-02   2.0283361e-02   1.3925092e-01   4.7088344e-02
   6.2763529e+01   2.3883159e+01   7.0796569e-01   5.7001529e-02   1.0467633e-01   3.4536595e-02   5.7054409e-02   2.0370642e-02   1.6444443e-01   4.8579035e-02
   9.9777183e+01   3.7321191e+01   6.5392518e-01   6.7800821e-02   1.5696504e-01   4.0290431e-02   2.9358942e-02   9.8834192e-03   1.8234938e-01   4.6643686e-02
   5.7633835e+01   4.3030417e+01   2.3506077e-01   1.1150684e-01   7.6535247e-02   4.9533034e-02   6.4941939e-02   3.6383364e-02   5.4120945e-02   2.9595442e-02
   9.4217887e+01   1.0381746e+02   2.6213658e-01   1.4627283e-01   1.1019032e-01   9.5694670e-02   6.4642689e-02   4.3931204e-02   5.8963309e-02   3.8431754e-02
   4.7807307e+01   2.1415168e+01   4.1195920e-01   1.4579579e-01   6.4092024e-02   3.3165161e-02   5.9958106e-02   2.8849069e-02   1.0034454e-01   4.1904244e-02
   9.9986554e+01   4.7743619e+01   2.9567758e-01   1.3606349e-01   1.2967993e-01   4.8892918e-02   3.3062747e-02   1.6700732e-02   7.0135022e-02   3.3070531e-02
   8.7811699e+01   8.2228106e+01   3.2728357e-01   1.2150027e-01   1.2487358e-01   8.2129396e-02   3.7344720e-02   1.7772276e-02   8.0830619e-02   3.3682972e-02
   7.2629383e+01   5.3673425e+01   3.4697952e-01   8.2594558e-02   9.4374167e-02   4.6741308e-02   3.9785419e-02   1.7532155e-02   7.6299222e-02   2.2052888e-02
   4.8852350e+01   1.8689710e+01   2.5504827e-01   9.2435588e-02   6.0196372e-02   2.4242994e-02   5.6449745e-02   2.3436074e-02   5.9259840e-02   2.9415857e-02
   4.5326175e+01   1.8005283e+01   2.8939867e-01   6.8489421e-02   6.3907310e-02   2.8579082e-02   5.0964112e-02   2.1871659e-02   6.5022697e-02   1.7048918e-02
   7.0556370e+01   3.5424902e+01   3.3886421e-01   1.3156170e-01   9.5687227e-02   4.0402222e-02   4.1851924e-02   1.6677536e-02   7.5300455e-02   3.5784536e-02
   4.2867822e+01   2.9541429e+01   2.4957607e-01   1.7432484e-01   5.0987161e-02   3.1868258e-02   7.8912893e-02   4.1259411e-02   5.7603937e-02   4.3679925e-02
   6.7823020e+01   7.8090410e+01   3.5706792e-01   1.2679812e-01   8.6983330e-02   7.3548734e-02   5.8812209e-02   3.7600018e-02   7.2157521e-02   2.7202153e-02
   3.6655055e+01   1.4280851e+01   3.3161337e-01   1.2664829e-01   4.5593356e-02   1.9583129e-02   7.3018993e-02   3.1755352e-02   8.2940163e-02   3.9818467e-02
   5.1466715e+01   2.1267248e+01   2.5389357e-01   1.1763703e-01   6.8106907e-02   2.6155585e-02   5.2846812e-02   2.2129587e-02   6.1801462e-02   3.2504432e-02
   2.8755151e+01   4.6017695e+01   1.0390705e-01   7.3655939e-02   3.5534006e-02   4.3564592e-02   1.3777794e-01   7.9185533e-02   2.1445585e-02   1.9596549e-02
   7.1533699e+01   4.7859989e+01   3.1475461e-01   1.3054519e-01   8.2576308e-02   4.7721122e-02   6.4475185e-02   3.3634867e-02   7.4295541e-02   3.9555421e-02
   4.3273480e+01   3.4091557e+01   2.5688812e-01   1.3655676e-01   5.7356771e-02   3.9868328e-02   6.2803424e-02   2.7958463e-02   5.6558580e-02   3.0797267e-02
   4.1770312e+01   2.7191154e+01   3.1537069e-01   1.2161529e-01   5.4897574e-02   2.9933394e-02   6.6601240e-02   3.0898752e-02   6.9240341e-02   3.4897854e-02
   7.3658676e+01   3.0024335e+01   4.0421474e-01   1.2071908e-01   9.7510901e-02   3.0499691e-02   3.4992482e-02   1.5284449e-02   9.2374882e-02   2.8533722e-02
   4.5946925e+01   2.1799688e+01   2.9591637e-01   1.0331094e-01   5.9833757e-02   2.4468700e-02   5.6934331e-02   2.2245037e-02   7.1229344e-02   3.0056872e-02
   4.5368500e+01   1.9728277e+01   3.9599950e-01   1.5887932e-01   5.4254482e-02   2.1627532e-02   5.5550126e-02   2.0914257e-02   9.2234530e-02   4.1277833e-02
   3.5810575e+01   1.0239354e+01   2.1280253e-01   1.0906750e-01   4.2877528e-02   1.5348931e-02   9.3918234e-02   3.9540932e-02   4.3744076e-02   3.1886433e-02
   7.1856538e+01   4.4367454e+01   3.3110361e-01   1.2711796e-01   9.5348080e-02   4.9640877e-02   5.3223904e-02   3.2022428e-02   7.1472664e-02   3.7695497e-02
   4.5691276e+01   4.0035439e+01   1.8005612e-01   1.0806576e-01   6.7661776e-02   4.5302833e-02   6.6891972e-02   2.8048129e-02   3.7073511e-02   2.9379733e-02
   9.8011334e+01   5.6426755e+01   3.5883458e-01   1.6578692e-01   1.2370852e-01   5.6720409e-02   4.0299886e-02   2.0785969e-02   9.1239551e-02   4.7710176e-02
   9.0139958e+01   5.6619780e+01   2.8749002e-01   1.4106863e-01   1.1938136e-01   5.8083564e-02   3.9179042e-02   2.0502862e-02   7.6973970e-02   4.0653627e-02
   7.0711491e+01   4.5226281e+01   3.7011794e-01   1.3517154e-01   1.0442141e-01   5.0732971e-02   3.7047357e-02   1.4453976e-02   8.4148945e-02   3.4216483e-02
   6.3217607e+01   5.4939251e+01   7.3376370e-02   5.8177252e-02   8.4856468e-02   6.1432177e-02   6.4673577e-02   3.4084373e-02   1.5091131e-02   1.4795311e-02
   5.9079794e+01   4.6513924e+01   2.4790380e-01   1.1324067e-01   8.5093417e-02   5.0666674e-02   4.5324900e-02   1.9323086e-02   5.1343732e-02   2.8293223e-02
   8.0378036e+01   3.8555259e+01   3.3639914e-01   1.3591749e-01   1.2125348e-01   4.5021575e-02   3.6366362e-02   1.2494063e-02   7.6259832e-02   3.3145789e-02
   1.5908493e+02   6.4696530e+01   3.8592917e-01   1.0327758e-01   2.1253861e-01   6.2458871e-02   2.1491689e-02   6.9223936e-03   9.0052891e-02   2.5320798e-02
   7.5975508e+01   2.8620083e+01   3.8696559e-01   1.4579515e-01   1.0639081e-01   3.5801662e-02   3.4505558e-02   1.4037749e-02   9.1772524e-02   3.7761154e-02
   6.5335095e+01   4.4697358e+01   3.8206541e-01   1.1615809e-01   9.5949158e-02   5.3783198e-02   4.3343485e-02   2.1113911e-02   8.5131879e-02   3.0899848e-02
   5.4031583e+01   2.4085950e+01   4.1214292e-01   1.0956364e-01   8.7095749e-02   3.5444995e-02   3.9991055e-02   1.4618126e-02   9.1148139e-02   2.6444981e-02
   1.0390610e+02   4.7227650e+01   3.5184970e-01   1.4660147e-01   1.3439620e-01   4.7052418e-02   2.8258100e-02   1.1572187e-02   8.3083765e-02   4.0351903e-02
   5.0196436e+01   3.3334765e+01   3.8255265e-01   1.6262491e-01   6.6560305e-02   3.9320827e-02   6.3399812e-02   3.6017928e-02   7.1443944e-02   4.3506150e-02
   1.0564525e+02   5.7380281e+01   5.1318080e-01   1.5879994e-01   1.3309033e-01   5.9206853e-02   3.1796597e-02   1.5697704e-02   1.2854013e-01   4.2454362e-02
   9.9632542e+01   5.0696458e+01   3.9352214e-01   1.3715488e-01   1.1599064e-01   4.7786699e-02   3.3299438e-02   1.5544643e-02   8.6136279e-02   3.2733286e-02
   7.7305267e+01   4.0275789e+01   2.9508085e-01   9.7545586e-02   9.4230711e-02   4.0147384e-02   5.4384889e-02   3.0254061e-02   6.9393309e-02   3.2572662e-02
   4.5947860e+01   2.5179378e+01   3.5867735e-01   1.2287258e-01   6.4006102e-02   3.4317411e-02   5.2398691e-02   2.2391615e-02   1.0162442e-01   4.2543722e-02
   6.4386022e+01   2.5689288e+01   4.6608967e-01   1.2260292e-01   7.5881934e-02   2.8115548e-02   4.6820190e-02   2.3436769e-02   1.1232996e-01   4.5763469e-02
   5.2436537e+01   3.6840238e+01   3.4425744e-01   1.1019670e-01   7.8945615e-02   4.6069923e-02   5.3027801e-02   2.6243262e-02   7.7626999e-02   3.4087192e-02
   4.3871515e+01   3.7979660e+01   2.5880141e-01   9.2309714e-02   5.9308382e-02   4.3581676e-02   7.7772620e-02   3.6904633e-02   5.7792129e-02   3.0402147e-02
   2.4352212e+01   1.8061166e+01   1.9617504e-01   6.9800563e-02   3.5525300e-02   2.4894045e-02   1.0750688e-01   5.2843407e-02   3.6406558e-02   2.2182361e-02
   7.0950993e+01   2.9895690e+01   4.6146870e-01   1.4286364e-01   1.0833674e-01   3.5127653e-02   3.4597461e-02   1.4129462e-02   1.0643539e-01   4.0988737e-02
   3.6166428e+01   1.6802376e+01   3.0755118e-01   8.9975167e-02   6.0245200e-02   2.5025093e-02   6.3017290e-02   2.0220263e-02   6.3939191e-02   3.2961458e-02
   5.4460228e+01   1.8767258e+01   4.9452382e-01   1.3499804e-01   8.1145531e-02   2.3213835e-02   4.0533709e-02   1.4701227e-02   1.1913481e-01   4.2158774e-02
   3.7649548e+01   2.6246780e+01   3.8783919e-01   1.4782974e-01   5.5005451e-02   3.1884908e-02   7.9594770e-02   3.7512537e-02   7.9233144e-02   5.0643228e-02
   5.2694396e+01   2.8129723e+01   4.0019782e-01   1.7434983e-01   7.5458757e-02   3.7367266e-02   5.4792592e-02   2.5630447e-02   8.9574289e-02   5.0012910e-02
   4.7965393e+01   2.1713599e+01   5.4349034e-01   1.8229199e-01   7.3338330e-02   3.2072117e-02   4.8121487e-02   2.2600176e-02   1.2052416e-01   5.5740012e-02
   3.6777984e+01   2.0473304e+01   4.1781470e-01   1.4851121e-01   5.2599625e-02   3.1102626e-02   7.4230709e-02   3.4438072e-02   9.1127550e-02   5.0833432e-02
   2.6777182e+01   2.2689938e+01   3.9819336e-01   1.4544707e-01   4.2963451e-02   3.3471353e-02   8.8298924e-02   3.5665267e-02   7.2994348e-02   4.7517492e-02
   3.3387558e+01   1.7264446e+01   3.1580943e-01   1.2477355e-01   4.8621457e-02   2.6525384e-02   7.1552212e-02   3.0652366e-02   6.3744209e-02   3.8501766e-02
   6.8306040e+01   3.0210483e+01   4.5152470e-01   1.2897181e-01   1.0248304e-01   3.9337543e-02   3.4648689e-02   1.3312390e-02   1.1183916e-01   4.0276551e-02
   3.7271029e+01   2.8141746e+01   4.1737524e-01   2.1112062e-01   5.8318193e-02   3.5941529e-02   7.2200246e-02   2.9490416e-02   1.0085257e-01   6.5668361e-02
   4.5655112e+01   2.0949970e+01   2.3186087e-01   8.7344807e-02   6.0193344e-02   2.5806281e-02   7.4515854e-02   2.7337727e-02   5.4484613e-02   3.0510192e-02
   3.4551634e+01   2.0877905e+01   3.2010209e-01   1.9570844e-01   3.8723353e-02   2.1009938e-02   8.4953978e-02   3.3587290e-02   7.3720604e-02   5.8562057e-02
   8.2716500e+01   2.9693919e+01   5.2126176e-01   1.7253008e-01   9.8947735e-02   2.6505615e-02   3.7415136e-02   1.4408466e-02   1.0964795e-01   3.8792880e-02
   3.2157107e+01   2.4887755e+01   1.7866026e-01   1.3151753e-01   3.5412125e-02   2.4339717e-02   7.7039888e-02   3.0726420e-02   3.7961164e-02   3.5868979e-02
   3.5814225e+01   1.8300552e+01   2.9592432e-01   1.6417205e-01   5.0294861e-02   2.2900636e-02   6.2040478e-02   2.1445896e-02   6.5571040e-02   3.7921231e-02
   4.0389993e+01   2.5943929e+01   2.9626588e-01   1.9145610e-01   6.1118429e-02   3.2134466e-02   6.7394013e-02   2.3674260e-02   6.4773494e-02   5.3749039e-02
   6.8883806e+01   3.5080520e+01   4.9235499e-01   1.7121073e-01   9.4828761e-02   3.8043030e-02   4.2819022e-02   2.0198046e-02   1.1643984e-01   5.6565494e-02
   5.2247429e+01   2.6969793e+01   3.8442345e-01   2.1109777e-01   6.0606680e-02   2.9802387e-02   6.4410871e-02   3.2467632e-02   8.3837710e-02   5.9788394e-02
   6.5832795e+01   2.5166924e+01   5.5569950e-01   1.8444202e-01   8.2341630e-02   2.4439611e-02   3.8031390e-02   1.4316059e-02   1.2660732e-01   5.2926302e-02
   4.7738664e+01   2.5392436e+01   3.3928355e-01   1.5786500e-01   6.9817406e-02   2.9517131e-02   4.6883754e-02   1.6306547e-02   7.0583410e-02   4.3021219e-02
   5.5427400e+01   4.1522551e+01   2.8146410e-01   2.0678164e-01   7.1195570e-02   4.2774728e-02   5.9926251e-02   3.5469546e-02   6.1276316e-02   5.0153323e-02
   8.0582064e+01   3.7295491e+01   6.0196103e-01   1.6665982e-01   1.1383766e-01   3.8732796e-02   3.6893479e-02   1.3056146e-02   1.4298476e-01   5.4212452e-02
   5.8462153e+01   4.0078872e+01   4.3692305e-01   2.0481937e-01   6.6572796e-02   4.0993229e-02   5.6990843e-02   2.3990748e-02   1.0012473e-01   5.4195331e-02
   7.4601063e+01   2.2225143e+01   4.5506937e-01   1.3877396e-01   8.7896681e-02   2.2829384e-02   3.6822785e-02   1.2642926e-02   1.0306543e-01   3.7342386e-02
   3.7347592e+01   3.0423807e+01   1.3617303e-01   1.2367837e-01   4.9887582e-02   3.8190036e-02   7.7941940e-02   3.7059023e-02   2.6454114e-02   2.6805619e-02
   4.1624947e+01   2.5838244e+01   3.6272011e-01   1.3926866e-01   4.5775042e-02   2.4596635e-02   6.3694861e-02   2.1315049e-02   7.1749072e-02   4.4775973e-02
   6.3037530e+01   3.7624860e+01   5.5683130e-01   1.9331981e-01   8.9518986e-02   4.5919596e-02   4.0356219e-02   1.8035903e-02   1.2827485e-01   5.0094037e-02
   7.1072707e+01   4.1329880e+01   6.0434391e-01   2.1403687e-01   1.0108785e-01   4.8424877e-02   3.6886031e-02   1.6692361e-02   1.3924300e-01   5.6233844e-02
   7.2240792e+01   3.7291331e+01   6.3614327e-01   1.9600402e-01   1.0621518e-01   4.6685694e-02   3.3930520e-02   1.3734418e-02   1.4398247e-01   4.9254760e-02
   4.4270657e+01   2.1778464e+01   4.2367156e-01   1.6395880e-01   5.9588481e-02   2.8660332e-02   5.7191003e-02   2.6700371e-02   9.0382351e-02   4.9003870e-02
   6.6199144e+01   3.3548591e+01   6.1471302e-01   1.9431573e-01   9.3101986e-02   3.9254780e-02   4.1342717e-02   1.6355261e-02   1.4642700e-01   6.2793322e-02
   5.1108092e+01   3.0146764e+01   4.4366039e-01   1.7177459e-01   6.9287866e-02   3.5499466e-02   6.4761053e-02   2.9011683e-02   8.6591669e-02   4.9384917e-02
   5.3602111e+01   2.4209563e+01   4.8607850e-01   1.9458716e-01   7.8400557e-02   3.0201204e-02   4.3896097e-02   2.0499336e-02   1.1063561e-01   4.3357441e-02
   5.4345859e+01   2.9463126e+01   3.5828616e-01   1.9971392e-01   7.3973852e-02   3.6835884e-02   6.3303851e-02   3.0992474e-02   7.6817550e-02   5.2940966e-02
   4.5040612e+01   2.2514628e+01   5.1404495e-01   1.9520888e-01   6.6125394e-02   2.6369600e-02   5.1943806e-02   2.3067387e-02   1.0609284e-01   5.2698233e-02
   3.9977486e+01   2.7747329e+01   3.2578068e-01   1.6597146e-01   5.2529221e-02   3.5281347e-02   7.4401559e-02   3.5165679e-02   6.6616912e-02   4.8930799e-02
   6.9008831e+01   3.6259285e+01   5.4510309e-01   2.1040991e-01   9.9037821e-02   4.1789130e-02   3.8270134e-02   1.5107358e-02   1.1312220e-01   4.8848128e-02
   4.8390048e+01   3.2022432e+01   2.8724886e-01   1.5749695e-01   6.4796057e-02   3.6455903e-02   6.6215919e-02   2.8441005e-02   5.9114711e-02   4.2885544e-02
   8.2729555e+01   3.5703000e+01   6.9081161e-01   1.8314290e-01   1.2129966e-01   3.6255797e-02   3.0711788e-02   9.7389685e-03   1.4024377e-01   4.0456905e-02
   5.6917507e+01   3.5998463e+01   2.7855149e-01   1.2922968e-01   6.8207970e-02   4.3553080e-02   7.0192054e-02   3.5468321e-02   6.2511129e-02   4.0898739e-02
   4.2940735e+01   2.4212534e+01   6.2135398e-01   1.6884161e-01   6.3033703e-02   3.1271876e-02   6.0218193e-02   2.4811811e-02   1.4155637e-01   6.1058515e-02
   5.1375008e+01   5.1149094e+01   5.0793859e-01   1.9650229e-01   6.7227622e-02   5.8314032e-02   7.0590226e-02   4.1766364e-02   1.2276117e-01   7.2160991e-02
   6.9453575e+01   4.0145541e+01   6.7406569e-01   1.5869561e-01   9.7404161e-02   4.5920521e-02   4.3793634e-02   1.8747579e-02   1.5836666e-01   6.5936801e-02
   4.8530803e+01   4.3516570e+01   4.5518226e-01   1.8478424e-01   6.7211725e-02   5.2190229e-02   7.1546820e-02   3.4411342e-02   9.4608448e-02   5.7652948e-02
   4.6569584e+01   2.5158115e+01   5.1527123e-01   1.7902574e-01   6.1802780e-02   3.1083593e-02   7.3582313e-02   3.0378157e-02   1.1951179e-01   6.3143338e-02
   7.5181583e+01   4.7002272e+01   7.0408231e-01   1.7959093e-01   1.0837875e-01   5.3990719e-02   3.7671616e-02   1.6424491e-02   1.8662631e-01   6.1412331e-02
   1.0859463e+02   5.0285348e+01   5.5788166e-01   2.4266717e-01   1.4729717e-01   5.3788047e-02   2.5645932e-02   1.1632301e-02   1.1606317e-01   4.8399208e-02
   7.9667545e+01   7.5625333e+01   8.2806378e-01   1.8738456e-01   9.7229383e-02   7.0984778e-02   7.3818665e-02   4.1947223e-02   2.0732392e-01   8.9531049e-02
   4.0617272e+01   3.7045482e+01   3.2164096e-01   1.1135883e-01   5.8793157e-02   5.0203203e-02   5.1542503e-02   2.5110146e-02   8.4422017e-02   3.2883286e-02
   7.6140092e+01   4.6170400e+01   7.8898246e-01   2.2994465e-01   1.0349819e-01   4.7696973e-02   4.4148602e-02   2.4060237e-02   2.5233243e-01   1.1703892e-01
   7.6094064e+01   7.3471097e+01   6.0067488e-01   2.9196457e-01   1.0008022e-01   7.8585526e-02   7.4917602e-02   6.8065576e-02   1.7239405e-01   1.0222004e-01
   7.6001449e+01   3.8187550e+01   8.3266942e-01   1.5706426e-01   1.2464744e-01   5.1313174e-02   3.9093451e-02   2.3503560e-02   2.2248397e-01   6.6758378e-02
   9.5860831e+01   9.7874020e+01   7.9935773e-01   2.3909350e-01   1.2845588e-01   9.6459243e-02   4.3879969e-02   2.8895964e-02   2.5094023e-01   1.0339302e-01
   5.4898364e+01   4.5906386e+01   8.0377036e-01   2.0463442e-01   7.8745208e-02   5.0582044e-02   5.2228836e-02   3.2553668e-02   2.4660091e-01   8.7088977e-02
   1.4537372e+02   1.0747929e+02   4.8259386e-01   2.4474853e-01   1.7697129e-01   1.0109152e-01   4.3078390e-02   5.3894604e-02   1.1609913e-01   7.1514103e-02
   6.6696409e+01   7.5516364e+01   7.0737210e-01   2.6563900e-01   9.8385265e-02   8.6225138e-02   4.6735281e-02   2.4089996e-02   1.7714701e-01   8.3206467e-02
   8.4684728e+01   5.2996935e+01   5.8941764e-01   2.5695820e-01   1.2561016e-01   4.8859424e-02   3.4274276e-02   1.4860067e-02   1.6803232e-01   7.8834188e-02
   5.9879610e+01   5.0637523e+01   6.9843457e-01   2.2323609e-01   9.4303385e-02   5.8728928e-02   4.0035612e-02   1.8497410e-02   1.8122477e-01   6.6226092e-02
   5.8365578e+01   2.7723308e+01   6.5614383e-01   1.8320924e-01   8.7323613e-02   3.3470547e-02   4.0312480e-02   1.7389881e-02   1.8386681e-01   6.3019150e-02
   7.8028960e+01   3.1984558e+01   4.5586098e-01   1.1516282e-01   9.6682716e-02   3.7507065e-02   3.8563388e-02   1.7182208e-02   1.2712126e-01   3.4695221e-02
   9.2304300e+01   4.7242259e+01   6.4660810e-01   2.2003141e-01   1.3399687e-01   4.5078112e-02   3.0224951e-02   1.2535683e-02   1.5282166e-01   5.7779565e-02
   7.6830895e+01   4.8009591e+01   5.1375501e-01   2.4579322e-01   1.1593992e-01   5.0309769e-02   3.5131476e-02   1.7994403e-02   1.3049858e-01   6.7003569e-02
   8.1424168e+01   7.0928862e+01   6.7976585e-01   2.5110564e-01   1.1062485e-01   7.4464904e-02   5.6718355e-02   4.2552345e-02   1.9293213e-01   9.5749961e-02
   4.7605973e+01   3.0450330e+01   6.1879069e-01   2.0303450e-01   8.0433170e-02   4.2542134e-02   5.0691342e-02   2.9094743e-02   1.7368869e-01   7.0151650e-02
   9.9858750e+01   1.0595052e+02   5.7117532e-01   2.0731595e-01   1.4596203e-01   1.0312125e-01   3.7261115e-02   2.5241087e-02   1.7229830e-01   7.5889039e-02
   8.3737352e+01   5.2297015e+01   7.2477829e-01   2.4511556e-01   1.0024603e-01   5.7009941e-02   3.7538505e-02   2.7349660e-02   2.2547311e-01   1.1477985e-01
   8.7520685e+01   7.3402724e+01   5.5253376e-01   2.0062935e-01   1.0803507e-01   7.5886926e-02   7.5103272e-02   6.4182201e-02   1.2287811e-01   6.3281134e-02
   8.2426282e+01   5.8508390e+01   7.1741674e-01   1.4109914e-01   1.1984693e-01   6.4015847e-02   3.2947236e-02   1.5814549e-02   2.1024304e-01   7.0780541e-02
   5.2097462e+01   4.2763126e+01   5.6757926e-01   2.3642600e-01   7.5456486e-02   5.0400358e-02   4.4190741e-02   1.7481952e-02   1.5823481e-01   8.3110403e-02
   7.1976569e+01   3.2071522e+01   6.1541247e-01   1.4729612e-01   1.0678522e-01   3.5912274e-02   3.5245859e-02   1.4246473e-02   1.5560079e-01   5.8802443e-02
   1.1196397e+02   5.6496049e+01   6.7440796e-01   2.3480877e-01   1.3902541e-01   5.5874050e-02   2.7160408e-02   1.4675646e-02   1.8310978e-01   8.7395240e-02
   7.8133648e+01   6.4692263e+01   7.1424277e-01   1.5776618e-01   1.0754906e-01   6.7903438e-02   5.7475012e-02   4.8748904e-02   2.0047992e-01   9.4731687e-02
   1.2640796e+02   1.1359105e+02   4.9298288e-01   1.4134285e-01   1.7285568e-01   1.0844223e-01   4.3341508e-02   3.2880325e-02   1.6273024e-01   7.7177714e-02
   7.5999299e+01   8.0545370e+01   4.2308325e-01   1.1886936e-01   1.0274811e-01   8.6221952e-02   5.1727614e-02   3.7425224e-02   1.1632215e-01   4.1086294e-02
   8.4223003e+01   5.8874772e+01   4.9283972e-01   1.0225536e-01   1.1467077e-01   6.6099255e-02   4.5036428e-02   3.2799871e-02   1.3451829e-01   3.9862398e-02
   8.8611642e+01   7.2864456e+01   4.7969261e-01   1.2067311e-01   1.1548825e-01   7.8055530e-02   5.3538121e-02   3.4159313e-02   1.3182191e-01   5.9116425e-02
   9.5125742e+01   3.4740142e+01   6.0834502e-01   8.8738061e-02   1.7288109e-01   4.8043955e-02   3.2811038e-02   1.1687404e-02   1.7100001e-01   3.1938609e-02
   9.1458384e+01   7.4774846e+01   6.0752229e-01   1.0683092e-01   1.3654967e-01   8.0364584e-02   3.8463054e-02   2.3810554e-02   1.8785945e-01   5.9555676e-02
   5.0436380e+01   6.4253758e+01   4.1193719e-01   1.6862725e-01   7.8650111e-02   6.6555526e-02   6.0233748e-02   3.4961596e-02   1.2743997e-01   6.4634020e-02
   9.4591830e+01   7.5001638e+01   6.1217471e-01   1.0252044e-01   1.5281319e-01   8.8215909e-02   3.6793532e-02   1.7606085e-02   1.6937008e-01   5.2424043e-02
   1.1998943e+02   5.4601319e+01   6.4514666e-01   9.1047296e-02   1.6954535e-01   5.6802759e-02   2.5717418e-02   1.1658787e-02   2.0173823e-01   4.8505683e-02
   6.8576117e+01   8.4331513e+01   5.1277271e-01   1.7489960e-01   1.0363563e-01   9.4709409e-02   7.7871800e-02   6.2788958e-02   1.5540863e-01   8.0450624e-02
   1.1179029e+02   1.3285301e+02   3.1138912e-01   2.2180807e-01   1.2199240e-01   1.0111561e-01   6.0526759e-02   6.0754832e-02   6.8792556e-02   5.2164722e-02
   2.0677573e+02   1.4640597e+02   5.5334992e-01   2.5574822e-01   2.1440073e-01   1.2121168e-01   2.9847201e-02   3.3583902e-02   1.7034450e-01   1.3789513e-01
   7.5255306e+01   6.1320490e+01   7.9798045e-01   3.1221925e-01   9.7504497e-02   5.1423663e-02   3.4433429e-02   2.1485832e-02   2.4134679e-01   1.3059606e-01
   8.3824529e+01   1.0835796e+02   6.1188384e-01   2.8062414e-01   1.1189247e-01   1.0538206e-01   4.5511712e-02   2.7929605e-02   1.7238723e-01   8.5955051e-02
   8.2438387e+01   1.2419754e+02   3.9781569e-01   2.7737356e-01   1.0360838e-01   1.1654568e-01   5.7917064e-02   3.0671614e-02   1.1075483e-01   1.0702851e-01
   8.4135939e+01   6.9843301e+01   5.8852625e-01   2.5210824e-01   1.1949979e-01   6.7242862e-02   4.3624381e-02   3.1079510e-02   1.7538949e-01   1.0167144e-01
   7.5063674e+01   7.3346923e+01   7.3773917e-01   2.2588697e-01   1.0189569e-01   7.5454505e-02   6.7490696e-02   3.8630630e-02   1.9052975e-01   9.7190877e-02
   4.2727247e+01   3.2145734e+01   4.1979280e-01   2.4890771e-01   6.1828428e-02   3.9292349e-02   7.0727166e-02   4.5813887e-02   1.1153105e-01   9.6876824e-02
   1.2629388e+02   9.9152839e+01   1.3663453e-01   8.9103659e-02   1.4125094e-01   9.3543171e-02   4.4871117e-02   4.1895293e-02   2.9522088e-02   2.0452257e-02
   8.3824529e+01   1.0835796e+02   6.1188384e-01   2.8062414e-01   1.1189247e-01   1.0538206e-01   4.5511712e-02   2.7929605e-02   1.7238723e-01   8.5955051e-02
   6.1887772e+01   5.7335233e+01   6.8289544e-01   2.8356798e-01   9.1593235e-02   6.3448861e-02   4.6811765e-02   2.7471862e-02   2.1162519e-01   1.2887331e-01
   7.2332880e+01   8.8840061e+01   7.0629665e-01   2.4379210e-01   1.0948098e-01   9.5874521e-02   5.8907221e-02   3.6013607e-02   2.1444293e-01   1.0773670e-01
   4.3502586e+01   3.4013525e+01   6.6674757e-01   2.6029499e-01   7.7492127e-02   4.8924089e-02   6.2884204e-02   3.8041679e-02   1.9463162e-01   1.0971820e-01
   5.7452128e+01   4.1267214e+01   8.5864007e-01   1.4796027e-01   1.0881934e-01   5.8752935e-02   5.0308707e-02   2.4141830e-02   2.5029581e-01   7.0278398e-02
   2.6954719e+01   2.1602431e+01   7.4800727e-01   2.0285306e-01   4.2495609e-02   3.0935658e-02   8.1865557e-02   4.2705259e-02   2.2184260e-01   1.0772592e-01
   7.1254846e+01   8.3776284e+01   6.6491538e-01   1.6174655e-01   9.9623001e-02   8.7182769e-02   5.8179984e-02   3.2069362e-02   2.0915660e-01   7.5448030e-02
   5.4385714e+01   5.8404562e+01   3.8417008e-01   1.5484980e-01   8.2371154e-02   6.5278803e-02   5.5346867e-02   3.1345686e-02   9.8385602e-02   4.5265371e-02
   6.5227425e+01   5.3573128e+01   3.8837512e-01   1.4425975e-01   1.0713004e-01   7.0602723e-02   4.5787529e-02   2.5994646e-02   9.7970806e-02   3.4654084e-02
   7.6662092e+01   6.1058652e+01   4.4776753e-01   1.5268237e-01   1.2646976e-01   7.7766711e-02   4.0148750e-02   2.6871556e-02   1.1540243e-01   4.2976313e-02
   5.2060806e+01   4.9343813e+01   4.4236999e-01   2.0362382e-01   7.2607800e-02   5.4546446e-02   6.5133776e-02   3.3842822e-02   1.1149907e-01   6.3514895e-02
   3.9426495e+01   2.4360738e+01   5.4127940e-01   1.6476196e-01   7.0186834e-02   3.3271378e-02   6.3890505e-02   2.3197477e-02   1.3252128e-01   5.3999668e-02
   2.8595856e+01   2.3065094e+01   6.4095303e-01   1.5691702e-01   5.1520107e-02   3.8513290e-02   9.6638227e-02   5.2277736e-02   1.7198371e-01   6.0765734e-02
   9.6720269e+01   9.0245392e+01   4.8091927e-01   2.1062672e-01   1.3626302e-01   9.7027841e-02   4.2723464e-02   2.8975274e-02   1.2026173e-01   5.9836486e-02
   3.8522288e+01   3.3204720e+01   4.8066974e-01   1.4855345e-01   6.3077610e-02   4.4181868e-02   6.6871205e-02   2.9910004e-02   1.1640692e-01   4.7119913e-02
   3.5698215e+01   3.8104090e+01   5.0890120e-01   1.5700556e-01   5.3913063e-02   4.6849184e-02   8.8063009e-02   4.6711026e-02   1.2504130e-01   5.6345336e-02
   4.3434396e+01   3.5306422e+01   4.8774286e-01   1.5680953e-01   6.7256389e-02   3.8394267e-02   6.3172966e-02   3.0938243e-02   1.2954673e-01   5.3701748e-02
   8.3979679e+01   9.9985843e+01   5.7354377e-01   3.0864065e-01   1.0940301e-01   9.8934862e-02   6.3367210e-02   5.8325089e-02   1.7996193e-01   1.3146928e-01
   9.5306524e+01   8.7707424e+01   5.6404745e-01   2.9152898e-01   1.2230802e-01   8.5795511e-02   5.0527510e-02   4.1371619e-02   1.8440299e-01   1.3223347e-01
   5.5271381e+01   4.9948763e+01   7.3590694e-01   2.2381451e-01   7.9882812e-02   6.0497281e-02   5.4038778e-02   2.7827519e-02   2.2225177e-01   1.2099867e-01
   6.4230868e+01   8.6387930e+01   5.9668768e-01   3.1182617e-01   8.8718432e-02   9.5225297e-02   5.7311942e-02   3.2125271e-02   1.9264071e-01   1.2541672e-01
   5.8406813e+01   5.5491237e+01   5.8494026e-01   2.9526972e-01   7.9464178e-02   5.9290823e-02   6.1434575e-02   4.6421240e-02   1.5145780e-01   9.4900476e-02
   9.3403673e+01   1.0027101e+02   6.3332714e-01   2.8782532e-01   1.2671391e-01   9.8887556e-02   5.0659769e-02   3.7119234e-02   1.9446883e-01   1.1656945e-01
   5.9081403e+01   4.5145294e+01   6.9451275e-01   2.3835287e-01   9.5816679e-02   5.4982441e-02   4.7999203e-02   2.5127380e-02   2.0579942e-01   1.0091099e-01
   7.4301875e+01   8.2639979e+01   8.2464477e-01   1.8776786e-01   1.2113312e-01   8.4145166e-02   4.9933340e-02   2.7352287e-02   2.3483947e-01   7.2826239e-02
   4.1660385e+01   4.0209589e+01   7.9851528e-01   1.7841719e-01   6.9314741e-02   5.5337005e-02   6.5726966e-02   3.5611105e-02   2.1360677e-01   7.2553723e-02
   6.6120184e+01   9.6681575e+01   7.5835855e-01   2.1961889e-01   1.0770425e-01   9.9825772e-02   6.0767871e-02   2.8551260e-02   1.9684133e-01   8.9988319e-02
   3.1574468e+01   3.3866913e+01   6.8770425e-01   2.3942346e-01   5.1383085e-02   4.3156190e-02   7.9828416e-02   4.4205775e-02   2.0749318e-01   1.1435760e-01
   5.6917828e+01   9.9429827e+01   8.1252385e-01   2.2158478e-01   8.5585483e-02   9.5974309e-02   5.5529101e-02   2.8537173e-02   2.5593951e-01   1.0760948e-01
   7.2254279e+01   5.4924820e+01   6.5772587e-01   2.0112641e-01   1.1092539e-01   6.8550443e-02   4.5605725e-02   3.0608583e-02   1.6347810e-01   7.8224661e-02
   1.1728852e+02   1.4374247e+02   6.1705526e-01   2.7106132e-01   1.4679778e-01   1.3029373e-01   4.4795820e-02   3.2234598e-02   1.8201313e-01   1.0502260e-01
   7.1522944e+01   8.2805281e+01   6.5959286e-01   2.9660184e-01   9.6534871e-02   9.0634536e-02   6.5208211e-02   5.4067922e-02   2.0292137e-01   1.3293222e-01
   1.0016454e+02   7.5691541e+01   8.2561829e-01   1.7684516e-01   1.3771995e-01   7.9251388e-02   3.4101190e-02   2.2056919e-02   2.1801739e-01   9.3192506e-02
   7.1522944e+01   8.2805281e+01   6.5959286e-01   2.9660184e-01   9.6534871e-02   9.0634536e-02   6.5208211e-02   5.4067922e-02   2.0292137e-01   1.3293222e-01
   1.4011982e+02   1.0193340e+02   5.9244504e-01   2.1951008e-01   1.7270940e-01   9.8553795e-02   2.6398861e-02   1.7378120e-02   1.5673242e-01   6.3169974e-02
   1.0879776e+02   7.5923228e+01   3.7728237e-01   4.4542782e-02   1.5510663e-01   8.5436295e-02   3.1948396e-02   1.5679447e-02   1.2899131e-01   2.4727087e-02
   3.0477635e+01   2.3386486e+01   2.8146433e-01   1.8153232e-01   5.1837300e-02   3.3962705e-02   6.0342570e-02   3.1871449e-02   7.6795401e-02   5.5924657e-02
   7.4712341e+01   5.8975760e+01   3.0882829e-01   9.9277014e-02   1.1332894e-01   6.9723228e-02   4.4598698e-02   3.0528520e-02   8.4852599e-02   3.0591927e-02
   8.1278263e+01   5.4672475e+01   3.6672685e-01   1.3393807e-01   1.1092387e-01   5.9594719e-02   4.9424236e-02   4.4574914e-02   9.0390491e-02   3.9975741e-02
   6.9135031e+01   6.1934053e+01   2.1285381e-01   1.2058760e-01   1.0526360e-01   7.0894664e-02   5.6590996e-02   4.8125437e-02   6.9065793e-02   4.6788501e-02
   8.5969080e+01   5.8392738e+01   3.4772850e-01   1.2497147e-01   1.2731082e-01   6.8303703e-02   4.4182718e-02   3.3654985e-02   9.3741859e-02   3.9887694e-02
   5.0882487e+01   4.6975479e+01   2.6205638e-01   1.3521721e-01   7.9919907e-02   5.4321252e-02   6.4718113e-02   3.0609940e-02   7.1070580e-02   4.2936566e-02
   6.0294792e+01   7.4138789e+01   3.3196350e-01   1.2516029e-01   8.7717266e-02   7.4373222e-02   7.5667380e-02   5.4488124e-02   1.0108829e-01   4.9920277e-02
   1.0877564e+02   5.7245035e+01   4.4338298e-01   1.5364947e-01   1.5004996e-01   5.5668924e-02   2.5917432e-02   1.2501006e-02   1.1138099e-01   3.7865634e-02
   8.3342206e+01   5.8099631e+01   4.1248661e-01   1.5364361e-01   1.1773786e-01   5.8801525e-02   4.9570340e-02   3.1238436e-02   1.0375519e-01   4.3736921e-02
   6.8669809e+01   3.9762349e+01   3.6925442e-01   1.0832264e-01   1.0461407e-01   4.7858227e-02   4.3133399e-02   3.0315606e-02   9.8973212e-02   3.8781274e-02
   8.9487545e+01   6.3738392e+01   3.8611356e-01   1.2865392e-01   1.3859996e-01   6.4717170e-02   3.7352845e-02   2.3207073e-02   1.0582914e-01   4.0696182e-02
   3.9766986e+01   2.7627702e+01   3.6503722e-01   9.7404979e-02   7.2686531e-02   3.9114311e-02   6.8987722e-02   4.3036346e-02   1.0160645e-01   3.4637111e-02
   1.1105056e+02   8.1591256e+01   2.3779444e-01   1.2385394e-01   1.5233769e-01   7.4527995e-02   4.4275672e-02   2.9179973e-02   6.2658586e-02   4.4782780e-02
   3.3868456e+01   2.3279586e+01   3.3142894e-01   1.0143726e-01   5.4230257e-02   3.1061554e-02   8.3885817e-02   4.8950733e-02   8.9169551e-02   3.3181199e-02
   1.0713042e+02   5.6465542e+01   3.8372003e-01   1.4983026e-01   1.5770954e-01   5.3543420e-02   2.7431287e-02   1.4096824e-02   9.3560797e-02   3.8331163e-02
   6.2564282e+01   2.5939676e+01   4.0215686e-01   1.2596403e-01   8.3206910e-02   3.0343684e-02   3.4902606e-02   1.4296074e-02   1.0573225e-01   3.5494282e-02
   7.2251828e+01   5.4503774e+01   3.8352008e-01   1.1889203e-01   1.1608830e-01   6.4976967e-02   4.1932363e-02   2.3199688e-02   1.0110658e-01   3.6687285e-02
   6.9685380e+01   6.2078455e+01   3.7942089e-01   1.2413548e-01   1.0079109e-01   6.0080039e-02   5.6299841e-02   3.3292450e-02   1.0190979e-01   4.4533261e-02
   8.2169571e+01   6.7881864e+01   4.5067137e-01   2.4037517e-01   1.0173613e-01   6.6097934e-02   5.1131588e-02   4.1466003e-02   1.5136714e-01   1.1135017e-01
   6.4804266e+01   4.3856277e+01   1.6107495e-01   1.3412851e-01   7.8513732e-02   4.9427060e-02   4.9112177e-02   2.8880209e-02   3.8687129e-02   3.1853101e-02
   4.6034020e+01   2.8557509e+01   7.2439835e-02   5.2264375e-02   5.9353803e-02   3.2795110e-02   5.7059124e-02   1.9991125e-02   1.6162242e-02   1.1965520e-02
   5.5344514e+01   3.0540502e+01   2.7146677e-01   1.4287537e-01   5.7918862e-02   3.0481412e-02   7.1511833e-02   3.2225547e-02   4.9715673e-02   2.9757834e-02
   3.6723599e+01   1.2484007e+01   1.8342455e-01   1.1661294e-01   4.4722777e-02   1.4441526e-02   6.5200198e-02   2.1364854e-02   3.4002611e-02   2.5548775e-02
   4.2011854e+01   1.9747094e+01   2.8261993e-01   1.2007541e-01   4.7787215e-02   2.2844670e-02   1.1495715e-01   5.6123994e-02   6.4472484e-02   4.7309739e-02
   4.9244061e+01   2.7586437e+01   3.2323760e-01   1.4787756e-01   5.7885174e-02   3.0233653e-02   9.1024869e-02   5.5719760e-02   8.5576907e-02   4.6489209e-02
   4.3434705e+01   2.5679431e+01   3.1088422e-01   1.3871580e-01   4.8101002e-02   2.6360243e-02   8.2265175e-02   4.0462703e-02   6.8802841e-02   3.4236547e-02
   6.3123818e+01   2.6302964e+01   2.4325973e-01   1.1911554e-01   6.4888036e-02   2.6596226e-02   1.0296168e-01   4.2178376e-02   6.4752531e-02   4.5775972e-02
   3.4201512e+01   2.2566223e+01   3.5821264e-01   1.2189952e-01   4.6321615e-02   2.5817093e-02   8.7984392e-02   4.8857034e-02   8.2022265e-02   3.8231766e-02
   2.8763780e+01   1.0710966e+01   2.2321773e-01   7.5892175e-02   3.1714056e-02   1.1687344e-02   1.0512623e-01   3.3279959e-02   4.3254205e-02   2.4068177e-02
   3.1368089e+01   2.0665755e+01   2.2124700e-01   1.8473503e-01   3.3088436e-02   2.1389024e-02   9.7872817e-02   5.5417424e-02   3.7810469e-02   3.0888644e-02
   6.1330891e+01   3.0648276e+01   2.4769273e-01   1.1750889e-01   7.6948583e-02   2.6824764e-02   5.5298018e-02   2.3953816e-02   5.3445073e-02   2.6559593e-02
   4.8191884e+01   2.5898112e+01   1.3739818e-01   7.2865463e-02   6.3747199e-02   2.1734718e-02   5.3035920e-02   2.4199746e-02   2.8079216e-02   1.4416201e-02
   3.8685118e+01   1.4589462e+01   1.7571298e-01   5.8553007e-02   6.1111994e-02   1.7996643e-02   6.4085425e-02   2.4333729e-02   4.5188995e-02   1.7769660e-02
   6.5300439e+01   3.6140710e+01   1.1665134e-01   9.5346964e-02   6.4926266e-02   3.4109468e-02   8.9944936e-02   3.7306802e-02   2.2023825e-02   1.9334132e-02
   6.0193686e+01   3.2239631e+01   2.2118407e-01   9.7133191e-02   7.3618429e-02   2.5323907e-02   5.2367039e-02   2.6275414e-02   5.3945474e-02   2.3791527e-02
   6.6104270e+01   3.9570949e+01   1.9371537e-01   1.2297547e-01   6.9915440e-02   3.5083032e-02   7.0701404e-02   2.5912504e-02   3.6664201e-02   2.5254657e-02
   5.3944709e+01   3.0308115e+01   1.8565281e-01   1.2333157e-01   8.4272802e-02   4.0357060e-02   5.4246965e-02   2.4801365e-02   4.4471882e-02   2.9099383e-02
   6.1756615e+01   2.6003187e+01   1.8476553e-01   6.5536674e-02   8.7754360e-02   2.6038209e-02   4.6419564e-02   1.9217413e-02   4.1605951e-02   1.7183423e-02
   4.6623669e+01   1.9914800e+01   1.6187697e-01   5.7673783e-02   5.5519471e-02   1.9710166e-02   7.6157500e-02   2.4698819e-02   2.9887633e-02   1.3268813e-02
   2.7829857e+01   2.1479397e+01   7.5111188e-02   5.0555784e-02   3.3006298e-02   2.2551928e-02   1.0979649e-01   4.8228394e-02   1.8910573e-02   1.4821176e-02
   1.2849705e+02   7.8902409e+01   1.8215706e-01   8.3265196e-02   1.8158536e-01   8.6059494e-02   3.1087279e-02   1.7019452e-02   4.1692355e-02   1.8318594e-02
   4.4929205e+01   1.8451687e+01   1.4046584e-01   6.6529452e-02   5.1273316e-02   2.5180014e-02   1.0261471e-01   4.8653913e-02   2.8765856e-02   2.1013854e-02
   6.4481406e+01   2.6346768e+01   2.7064105e-01   1.0559027e-01   8.0073961e-02   3.0612595e-02   7.2065511e-02   2.7049539e-02   5.9788807e-02   2.9334111e-02
   6.7719765e+01   4.3359693e+01   2.1611082e-01   1.1580865e-01   9.3290864e-02   5.0895533e-02   5.0342503e-02   2.8096906e-02   4.8439323e-02   2.7749088e-02
   4.9071246e+01   2.4431654e+01   2.1806002e-01   1.1951052e-01   6.3688151e-02   2.7179595e-02   7.7211183e-02   3.4252880e-02   5.3764927e-02   3.1689797e-02
   5.4482921e+01   4.8258943e+01   7.9811084e-02   4.4767719e-02   5.8731529e-02   5.4324914e-02   1.4591887e-01   7.2574857e-02   1.0460534e-02   1.0316851e-02
   4.6084580e+01   2.8773848e+01   1.4280807e-01   6.7900738e-02   6.2681308e-02   2.6046977e-02   6.5972257e-02   3.9149963e-02   3.3932769e-02   1.4354850e-02
   6.2094803e+01   2.6963427e+01   1.7717309e-01   9.6099511e-02   7.4947008e-02   2.3771097e-02   5.2658428e-02   2.1153479e-02   3.7499250e-02   2.2619577e-02
   7.1244591e+01   2.6346120e+01   1.3768112e-01   5.7124377e-02   9.9538593e-02   3.1894794e-02   4.2216534e-02   1.4829176e-02   3.1710460e-02   1.3748569e-02
   7.1372766e+01   4.7692436e+01   8.7839100e-02   4.0700513e-02   8.4778116e-02   5.3308007e-02   7.4854394e-02   2.6023913e-02   1.6692495e-02   1.0836302e-02
   6.1028558e+01   3.1995967e+01   1.5069708e-01   5.1590526e-02   7.2472293e-02   2.9972399e-02   5.3889028e-02   2.5821110e-02   3.7487607e-02   1.2800790e-02
   4.3382255e+01   2.3113938e+01   1.3447516e-01   8.5242949e-02   6.1475366e-02   3.4047413e-02   7.4724563e-02   3.7538551e-02   3.1332698e-02   2.2008266e-02
   3.4103463e+01   1.7230036e+01   2.1447470e-01   1.3848709e-01   4.2376756e-02   2.0490293e-02   7.9991124e-02   3.3616176e-02   5.4961884e-02   3.7013867e-02
   7.5835296e+01   5.7013149e+01   4.4561810e-01   1.2828139e-01   7.9399830e-02   4.7452693e-02   5.2543075e-02   2.5857928e-02   1.1282533e-01   3.7425561e-02
   3.3289084e+01   9.2696224e+00   2.7162206e-01   1.0052793e-01   3.7769501e-02   1.1503355e-02   8.0603382e-02   2.7788893e-02   5.9260200e-02   2.9424965e-02
   9.8895571e+01   5.9053294e+01   3.0955437e-01   1.3053838e-01   9.9688863e-02   5.6536767e-02   3.7577052e-02   1.5023255e-02   7.6917735e-02   3.0913613e-02
   4.4923772e+01   2.1375400e+01   3.2626513e-01   1.3050904e-01   5.1536004e-02   2.0410023e-02   7.5831072e-02   3.9028571e-02   7.4280587e-02   4.0190703e-02
   5.2273014e+01   2.1073348e+01   3.3144257e-01   1.3250993e-01   6.6448265e-02   2.3775273e-02   5.7377380e-02   2.1361719e-02   7.1962959e-02   2.9470035e-02
   6.3313004e+01   3.1943737e+01   2.6489698e-01   1.2452938e-01   7.6571584e-02   3.3684053e-02   6.7709927e-02   3.1925980e-02   6.5709334e-02   3.2431902e-02
   5.0489669e+01   2.1237891e+01   4.1842973e-01   1.2143471e-01   5.4891140e-02   2.4634679e-02   7.0361348e-02   2.8285667e-02   1.1008115e-01   4.2430816e-02
   9.4609267e+01   4.8667055e+01   2.8417117e-01   1.4407259e-01   1.0069873e-01   4.6413689e-02   4.6500882e-02   2.5611932e-02   6.9701751e-02   3.6193127e-02
   5.4740069e+01   2.9689220e+01   3.2251445e-01   1.9443527e-01   6.1278161e-02   2.9445341e-02   5.7857019e-02   2.0444445e-02   7.7874664e-02   5.9144897e-02
   7.4604689e+01   3.0860449e+01   3.6462573e-01   1.4439999e-01   8.5740673e-02   2.8782657e-02   6.4827187e-02   3.9451463e-02   9.0841074e-02   3.8741396e-02
   4.2451397e+01   2.5701811e+01   2.9126947e-01   1.3654631e-01   4.9709302e-02   2.3512437e-02   8.1418677e-02   3.3738804e-02   5.8600370e-02   3.5137562e-02
   3.7215177e+01   1.1055921e+01   2.9377877e-01   9.7497441e-02   4.2662155e-02   1.4498184e-02   7.5294624e-02   2.8488754e-02   6.9647654e-02   3.2970806e-02
   5.5224846e+01   2.0960944e+01   3.4152226e-01   1.4862668e-01   5.8677023e-02   2.0510965e-02   7.2425632e-02   4.1556171e-02   9.5063670e-02   5.2687090e-02
   6.4135501e+01   3.6352602e+01   1.8641206e-01   8.5027586e-02   9.3645531e-02   4.4030883e-02   4.6475247e-02   1.9380594e-02   3.9382206e-02   1.9364170e-02
   5.9712395e+01   2.3017575e+01   1.9165895e-01   6.7369752e-02   7.9340025e-02   2.5663923e-02   5.6494321e-02   2.3786614e-02   4.0262606e-02   1.8296307e-02
   5.6366416e+01   4.1786598e+01   4.5272860e-01   1.7427035e-01   6.4865704e-02   4.4213447e-02   8.5948704e-02   4.4035990e-02   1.4805135e-01   9.2039671e-02
   4.3452086e+01   1.7103497e+01   5.2019763e-01   6.2537407e-02   8.1306317e-02   2.8513649e-02   5.6770260e-02   1.8383558e-02   1.3691300e-01   3.8532050e-02
   3.4125359e+01   1.7237771e+01   2.1447063e-01   1.3847798e-01   4.2469870e-02   2.0405214e-02   7.9889809e-02   3.3568809e-02   5.4963390e-02   3.7012766e-02
   4.8407525e+01   3.2882739e+01   5.0153754e-01   1.4030764e-01   7.7370384e-02   4.4475593e-02   7.2272372e-02   3.3781237e-02   1.1403298e-01   6.1131814e-02
   7.5992494e+01   5.7404427e+01   4.4434895e-01   1.2698384e-01   7.9576974e-02   4.7761383e-02   5.2395188e-02   2.5851982e-02   1.1285069e-01   3.7453854e-02
   4.9057352e+01   1.9156294e+01   4.6803305e-01   1.1697149e-01   6.4905069e-02   2.4794941e-02   6.4991234e-02   2.4610909e-02   9.9775086e-02   5.0078076e-02
   3.3294070e+01   9.2692142e+00   2.7160706e-01   1.0051021e-01   3.7821357e-02   1.1469751e-02   8.0537912e-02   2.7747699e-02   5.9260032e-02   2.9423971e-02
   6.7386961e+01   3.0650086e+01   5.7243978e-01   8.6872882e-02   1.1490923e-01   4.3961363e-02   4.5992709e-02   2.1272710e-02   1.5676261e-01   4.0995505e-02
   4.9605224e+01   2.9061677e+01   2.1076324e-01   1.1216865e-01   6.1852743e-02   3.6408960e-02   8.7204569e-02   4.1199429e-02   5.0529095e-02   3.7673284e-02
   9.8943157e+01   5.9079734e+01   3.0960779e-01   1.3049604e-01   9.9782355e-02   5.6452623e-02   3.7442221e-02   1.4972138e-02   7.6919257e-02   3.0913193e-02
   2.9043416e+01   2.2983062e+01   4.5265708e-01   1.4704809e-01   3.8060592e-02   2.7010696e-02   1.1807735e-01   6.0467531e-02   1.0961459e-01   6.4592526e-02
   4.5192394e+01   2.1422593e+01   3.2655687e-01   1.3063422e-01   5.2443677e-02   2.0874637e-02   7.4995199e-02   3.8847947e-02   7.4299733e-02   4.0189427e-02
   6.0001840e+01   2.3307768e+01   6.5215435e-01   8.6615742e-02   9.4386268e-02   3.3486964e-02   4.8280384e-02   2.3397780e-02   1.5627675e-01   5.0876089e-02
   5.2701990e+01   2.1172808e+01   3.3172986e-01   1.3248034e-01   6.7558442e-02   2.4024226e-02   5.6528679e-02   2.1098871e-02   7.1985228e-02   2.9467849e-02
   6.5329998e+01   2.7303949e+01   5.2165882e-01   1.1831492e-01   9.8777724e-02   3.1084150e-02   4.0239035e-02   1.8642795e-02   1.3146642e-01   3.8445165e-02
   3.7652798e+01   1.2552497e+01   6.0301258e-01   9.7883468e-02   5.5928264e-02   1.4628055e-02   5.7557766e-02   2.5664628e-02   1.5054439e-01   4.7023173e-02
   6.3320600e+01   3.1945802e+01   2.6480883e-01   1.2438176e-01   7.6581804e-02   3.3707696e-02   6.7650453e-02   3.1900583e-02   6.5708948e-02   3.2432086e-02
   7.4432009e+01   2.9013977e+01   5.0906109e-01   9.9760627e-02   8.8402194e-02   3.1469993e-02   5.6496566e-02   2.3185754e-02   1.0967348e-01   4.4138896e-02
   5.0552425e+01   2.1324485e+01   4.1835923e-01   1.2120350e-01   5.4969870e-02   2.4974694e-02   7.0251470e-02   2.8269596e-02   1.1008509e-01   4.2428058e-02
   5.4759506e+01   2.9698721e+01   3.2241055e-01   1.9420115e-01   6.1292545e-02   2.9421138e-02   5.7751744e-02   2.0405456e-02   7.7876230e-02   5.9145880e-02
   7.5340989e+01   3.0689370e+01   3.6529186e-01   1.4456439e-01   8.7509084e-02   2.8904508e-02   6.3293777e-02   3.8383662e-02   9.0882609e-02   3.8732282e-02
   4.2576599e+01   2.5810351e+01   2.9121042e-01   1.3633327e-01   5.0082516e-02   2.3521511e-02   8.0823057e-02   3.3574039e-02   5.8611691e-02   3.5150960e-02
   3.7221990e+01   1.1057341e+01   2.9380526e-01   9.7508111e-02   4.2622411e-02   1.4470721e-02   7.5205392e-02   2.8424554e-02   6.9646942e-02   3.2971107e-02
   5.5242141e+01   2.0953752e+01   3.4150192e-01   1.4856802e-01   5.8753104e-02   2.0426592e-02   7.2323308e-02   4.1511649e-02   9.5063512e-02   5.2686435e-02
   9.4877557e+01   3.3233746e+01   4.4227494e-01   1.5900150e-01   1.2985934e-01   4.3506931e-02   4.0354743e-02   1.9914561e-02   1.0652294e-01   4.7859558e-02
   7.5765533e+01   3.8133514e+01   3.6723775e-01   2.1092596e-01   9.5655432e-02   4.2965652e-02   5.6680035e-02   2.6639315e-02   8.3518082e-02   6.0781709e-02
   9.7739391e+01   3.2031246e+01   4.8515464e-01   1.7610524e-01   1.2658105e-01   4.4417259e-02   4.4189947e-02   2.6825004e-02   1.1042010e-01   5.6234383e-02
   5.7626641e+01   2.6134948e+01   3.9873165e-01   1.9193087e-01   6.8768926e-02   2.7676332e-02   6.1092249e-02   2.0054746e-02   6.8472506e-02   3.7583859e-02
   1.0932838e+02   3.7855186e+01   4.9594504e-01   1.5566249e-01   1.3103614e-01   3.7875875e-02   3.8552903e-02   1.7369977e-02   1.1057744e-01   4.3931103e-02
   8.3095367e+01   3.8009171e+01   3.7754796e-01   1.5229632e-01   9.5930233e-02   3.7478511e-02   5.5545389e-02   2.8204986e-02   9.0636259e-02   5.6291152e-02
   7.1854064e+01   3.7096276e+01   2.6066966e-01   9.0945376e-02   1.0797299e-01   3.7057074e-02   4.4710828e-02   1.5817328e-02   5.3243728e-02   2.0855351e-02
   1.0132748e+02   3.3634569e+01   2.9562331e-01   8.1813504e-02   1.4042817e-01   3.5812369e-02   2.9711266e-02   1.1376576e-02   6.1496707e-02   1.8189819e-02
   6.9559365e+01   7.6322554e+01   1.4869347e-01   6.4602663e-02   1.0023127e-01   6.2254301e-02   6.0097797e-02   3.0657001e-02   3.2359028e-02   1.4684161e-02
   1.6458327e+02   1.1509678e+02   1.8985946e-01   8.5542534e-02   2.0693624e-01   1.0552076e-01   2.9858863e-02   1.9951482e-02   3.8876200e-02   1.6480100e-02
   9.5181035e+01   5.3347421e+01   2.6142053e-01   8.5834618e-02   1.4975056e-01   6.1288147e-02   3.6463104e-02   1.7981366e-02   5.4819824e-02   2.2098131e-02
   7.9991245e+01   5.1088691e+01   1.7629603e-01   8.2764001e-02   1.1845476e-01   5.5099376e-02   5.2426773e-02   2.9436433e-02   3.5962799e-02   1.9112824e-02
   1.1463125e+02   4.6974413e+01   2.5686248e-01   1.0434513e-01   1.4771984e-01   4.7828086e-02   3.5948302e-02   1.7758411e-02   5.2509175e-02   2.3855979e-02
   2.2655919e+02   1.0422486e+02   1.9026593e-01   7.5834089e-02   2.6186864e-01   8.8120260e-02   2.7823617e-02   1.5237906e-02   3.8225723e-02   1.7432156e-02
   2.6619603e+01   1.9509332e+01   1.2517695e-01   9.3215677e-02   4.2893426e-02   2.9074446e-02   1.1353044e-01   7.3085596e-02   3.3090292e-02   2.8648769e-02
   4.7808589e+01   2.9630598e+01   2.7302979e-01   1.1890551e-01   6.9111101e-02   3.2524048e-02   7.7440362e-02   3.7750112e-02   5.3612452e-02   2.9667406e-02
   4.7961033e+01   5.2919283e+01   1.2008743e-01   7.4967471e-02   6.2853152e-02   5.8217358e-02   1.1746855e-01   6.5793214e-02   2.2094409e-02   1.8381857e-02
   3.8648891e+01   1.0062533e+01   1.8318330e-01   6.7079419e-02   5.4192027e-02   1.5255378e-02   6.7124660e-02   1.9569503e-02   3.2846434e-02   1.4984293e-02
   1.4285074e+02   1.4428718e+02   1.1386501e-01   7.2407679e-02   1.5154812e-01   1.3063904e-01   7.8821121e-02   4.8688184e-02   2.4898477e-02   2.0884116e-02
   6.4987441e+01   8.7722080e+01   1.4048083e-01   9.9378300e-02   7.5417121e-02   7.9150895e-02   1.0926220e-01   5.8622172e-02   2.7019372e-02   2.6323258e-02
   5.5765511e+01   2.0127697e+01   1.5016068e-01   4.2637030e-02   8.1773483e-02   2.6559696e-02   4.8799295e-02   1.6851082e-02   2.7298689e-02   1.0016095e-02
   3.5995974e+01   2.0404422e+01   1.1220845e-01   5.8770660e-02   4.1522075e-02   1.9542284e-02   1.0675428e-01   4.6701188e-02   2.3754677e-02   1.7133481e-02
   4.4507370e+01   2.5222432e+01   2.2887843e-01   9.8102089e-02   6.3453095e-02   2.9148762e-02   7.4141996e-02   3.7774524e-02   4.6232665e-02   2.3307012e-02
   5.8339712e+01   3.9093786e+01   1.4545373e-01   8.2685338e-02   7.7830517e-02   4.6055047e-02   7.7025980e-02   4.6925055e-02   3.0218956e-02   2.0086157e-02
   3.5079334e+01   1.8176144e+01   5.3457949e-02   3.0534590e-02   3.9937243e-02   2.1793583e-02   1.2424966e-01   5.7009051e-02   1.0200506e-02   1.0323724e-02
   3.8906208e+01   2.5420651e+01   2.0062549e-01   8.8291274e-02   5.8195555e-02   3.5409310e-02   7.4330001e-02   3.9196925e-02   4.3753287e-02   2.1193039e-02
   3.2289114e+01   1.8430496e+01   1.1402536e-01   6.0603515e-02   4.6221309e-02   2.3170836e-02   1.0161497e-01   4.8608441e-02   2.7219265e-02   1.7984636e-02
   1.3126791e+02   4.7507970e+01   3.8779558e-01   4.1646748e-02   1.8317674e-01   4.6882001e-02   2.5700722e-02   1.0926611e-02   9.1827688e-02   1.9546237e-02
   9.7147426e+01   3.6938415e+01   3.3866674e-01   6.1199075e-02   1.5304433e-01   4.1228379e-02   2.6186438e-02   8.9702179e-03   7.7747189e-02   1.5587205e-02
   9.2119393e+01   2.6682630e+01   4.7032260e-01   1.1633141e-01   1.2851805e-01   3.1318997e-02   2.4282204e-02   9.2218813e-03   1.0957302e-01   2.5190374e-02
   1.2391586e+02   5.0983692e+01   5.3289942e-01   1.0335879e-01   1.6677307e-01   4.7234914e-02   2.4492335e-02   1.0964467e-02   1.3289371e-01   3.0540125e-02
   1.3265097e+02   4.9108309e+01   2.4227067e-01   4.8233788e-02   1.9251171e-01   4.8869824e-02   2.2959728e-02   8.4963685e-03   5.2457025e-02   1.0048904e-02
   8.3603846e+01   2.9807862e+01   4.3521166e-01   1.5801170e-01   1.3453665e-01   3.6267323e-02   2.9288117e-02   8.8152533e-03   1.0322882e-01   4.0066973e-02
   1.5210836e+02   5.7072528e+01   1.9163433e-01   4.7274551e-02   1.9828086e-01   5.7824925e-02   2.3557177e-02   1.1404687e-02   4.0882051e-02   1.0698667e-02
   1.1023506e+02   4.6831225e+01   2.4724764e-01   5.6965735e-02   1.6850328e-01   4.3470324e-02   2.6526195e-02   8.4759460e-03   5.8485369e-02   1.4452519e-02
   9.1098360e+01   6.2662921e+01   2.0625921e-01   6.8387882e-02   1.4055979e-01   7.1094626e-02   3.7490384e-02   1.5626355e-02   4.3831980e-02   1.8664402e-02
   4.9208810e+01   1.3748451e+01   8.8831694e-01   5.6339525e-02   9.4715948e-02   2.3584074e-02   3.5090145e-02   8.8775926e-03   2.3090950e-01   3.8006024e-02
   1.3796987e+02   4.2484243e+01   4.1620484e-01   6.6176872e-02   1.9658666e-01   4.3015888e-02   2.1240457e-02   7.2340990e-03   9.4263114e-02   1.3183024e-02
   1.2328319e+02   2.7339302e+01   7.1441992e-01   4.9747543e-02   1.7160281e-01   2.8367256e-02   2.0331838e-02   5.7521511e-03   1.8591777e-01   2.1642102e-02
   1.3093478e+02   2.6832891e+01   4.2871316e-01   6.4529697e-02   1.7709294e-01   2.7145611e-02   2.3554337e-02   7.2786791e-03   8.8731866e-02   1.2242457e-02
   1.5242092e+02   3.9000078e+01   3.3108459e-01   6.5713809e-02   2.0379222e-01   3.7117185e-02   1.9519695e-02   6.9600570e-03   7.1120589e-02   1.1777776e-02
   1.4030964e+02   3.7380677e+01   2.8088469e-01   7.6624131e-02   1.8536149e-01   3.6611618e-02   2.6080944e-02   9.9664474e-03   5.9091841e-02   1.5679796e-02
   1.0666167e+02   3.2371604e+01   3.8395738e-01   6.5139758e-02   1.6934716e-01   3.6181789e-02   2.5143804e-02   6.9092639e-03   8.7178658e-02   1.4725667e-02
   1.4242505e+02   4.1134423e+01   8.9196564e-01   1.1094467e-01   1.7963063e-01   3.9612764e-02   1.8383686e-02   7.3942532e-03   2.3084428e-01   3.7060341e-02
   9.1711756e+01   4.4964292e+01   4.3589190e-01   9.5766548e-02   1.5889764e-01   4.7027818e-02   2.3513067e-02   7.0108701e-03   9.9118479e-02   1.9223115e-02
   1.5479023e+02   4.2058953e+01   4.3735618e-01   7.0829549e-02   1.8042523e-01   3.9621097e-02   1.7429740e-02   9.7244877e-03   9.7139307e-02   1.0896352e-02
   1.0252543e+02   4.3047538e+01   3.8900667e-01   1.3786888e-01   1.6167606e-01   4.7539603e-02   2.3483792e-02   1.0230812e-02   8.8738076e-02   3.0302681e-02
   9.0364160e+01   3.8730680e+01   4.4030970e-01   1.3536711e-01   1.5246885e-01   4.5568077e-02   2.6254483e-02   8.7525067e-03   1.0068466e-01   3.3775878e-02
   1.3647379e+02   5.5794440e+01   3.9278270e-01   1.0295538e-01   1.9177625e-01   5.0998989e-02   2.5128219e-02   1.0813229e-02   9.1333065e-02   3.2191177e-02
   6.6707044e+01   2.6907876e+01   6.6776110e-01   1.8292679e-01   1.0705566e-01   3.2151185e-02   3.4102843e-02   1.3556430e-02   1.6002262e-01   5.2531040e-02
   7.7521355e+01   3.6444369e+01   6.9525208e-01   1.5034528e-01   1.3199819e-01   4.1443612e-02   3.7981292e-02   1.3105526e-02   1.5371554e-01   3.8703096e-02
   7.6972835e+01   3.3311068e+01   7.1827139e-01   9.3056777e-02   1.2845740e-01   4.2164038e-02   3.2306464e-02   9.3616895e-03   1.6647301e-01   3.4551272e-02
   8.4181725e+01   3.8253442e+01   3.5715973e-01   1.2296141e-01   1.2624042e-01   4.5137985e-02   4.2633127e-02   2.1653451e-02   7.7249395e-02   2.2954850e-02
   1.4499115e+02   4.8366683e+01   4.9082625e-01   8.5656671e-02   1.9840596e-01   4.3207685e-02   2.4104720e-02   7.9828580e-03   1.1394378e-01   2.3166726e-02
   8.1279823e+01   2.2337865e+01   5.5446179e-01   1.0647918e-01   1.2849227e-01   2.8375387e-02   2.4815775e-02   7.7614724e-03   1.4159548e-01   3.1212326e-02
   1.3592884e+02   3.4806927e+01   4.9916001e-01   6.3154953e-02   1.8016213e-01   3.6025969e-02   1.9487588e-02   6.4162968e-03   1.1994948e-01   1.9614573e-02
   1.1211182e+02   5.1273423e+01   3.3935173e-01   1.2759237e-01   1.6345594e-01   5.7896459e-02   2.9224989e-02   1.2431218e-02   7.4099293e-02   2.1299139e-02
   2.7741923e+01   9.5308228e+00   6.8694921e-01   1.2847800e-01   5.1252851e-02   1.7571767e-02   5.8095255e-02   1.9926442e-02   1.7300637e-01   5.7938114e-02
   8.0155698e+01   3.7408142e+01   7.4523646e-01   1.5091571e-01   1.2532527e-01   4.2472474e-02   3.1139576e-02   1.2257604e-02   1.7781736e-01   4.5289435e-02
   1.0532727e+02   3.7416904e+01   4.7833560e-01   1.3221578e-01   1.4827676e-01   3.9311411e-02   2.8809799e-02   1.4898300e-02   1.1403914e-01   3.5503891e-02
   5.9048739e+01   3.4679040e+01   8.0690870e-01   1.0077858e-01   9.9987717e-02   4.7832467e-02   4.6443092e-02   2.5882142e-02   1.9230123e-01   4.0042465e-02
   1.2429255e+02   6.9626265e+01   3.3908498e-01   1.0402425e-01   1.6118589e-01   5.7451451e-02   2.3150742e-02   7.8709389e-03   7.7912367e-02   1.9320721e-02
   1.1301940e+02   4.9569906e+01   8.1987464e-01   1.5072128e-01   1.6283346e-01   5.6513347e-02   2.7925787e-02   1.5239939e-02   2.1665528e-01   5.7216209e-02
   1.0488113e+02   5.0281241e+01   4.2100250e-01   1.2107692e-01   1.6066955e-01   4.8859566e-02   2.3754379e-02   8.3919678e-03   9.3641689e-02   2.7612691e-02
   8.8938828e+01   3.6562425e+01   3.7863221e-01   7.0726251e-02   1.2385967e-01   4.1167669e-02   2.6330500e-02   8.6742322e-03   9.1520517e-02   1.9958654e-02
   1.0432435e+02   6.0202523e+01   4.8046695e-01   2.6549889e-01   1.4857398e-01   5.8991183e-02   4.2277180e-02   2.6093419e-02   1.2672875e-01   8.7701372e-02
   5.1134595e+01   2.6497121e+01   4.5978873e-01   1.5275331e-01   8.8436530e-02   4.0156525e-02   5.7437428e-02   3.2891526e-02   9.5005940e-02   4.5873386e-02
   1.2691656e+02   4.7912431e+01   3.8954331e-01   9.6746326e-02   1.6655652e-01   4.6329962e-02   2.2039845e-02   8.3554674e-03   9.1947921e-02   2.4028440e-02
   1.0177771e+02   3.1613898e+01   3.6374966e-01   1.0918304e-01   1.3753974e-01   3.2973526e-02   2.6374299e-02   8.7038950e-03   7.7571891e-02   2.1214604e-02
   1.1756938e+02   3.0881957e+01   3.4982551e-01   9.3597619e-02   1.5192852e-01   3.1451204e-02   2.3813821e-02   7.9918019e-03   7.9509438e-02   1.9554538e-02
   1.4039074e+02   6.2351553e+01   3.4618649e-01   1.4060328e-01   1.7743308e-01   6.3210092e-02   2.2257582e-02   1.1221739e-02   7.9369182e-02   3.0930137e-02
   1.2290408e+02   3.8522208e+01   3.6135263e-01   1.0929515e-01   1.7142003e-01   4.0762558e-02   2.2060635e-02   6.5737842e-03   7.9053977e-02   2.5980446e-02
   1.0757161e+02   6.5895509e+01   3.1430513e-01   1.2762423e-01   1.4437833e-01   6.2195704e-02   3.2601714e-02   1.8905612e-02   6.9435329e-02   3.4190154e-02
   1.1139994e+02   3.1339446e+01   7.9194459e-01   1.2506825e-01   1.6384750e-01   3.0517517e-02   2.4256959e-02   7.6379265e-03   1.7615372e-01   2.9384791e-02
   1.2582098e+02   4.1056939e+01   7.9626640e-01   1.4600424e-01   1.7824840e-01   4.1766405e-02   2.4001557e-02   8.0465487e-03   1.8727049e-01   4.0380134e-02
   1.2522800e+02   2.9207587e+01   8.2707818e-01   1.3690258e-01   1.7675251e-01   2.7576548e-02   2.2721559e-02   6.6536140e-03   1.8190518e-01   3.4768038e-02
   1.3812226e+02   3.0569193e+01   8.1176455e-01   1.2516848e-01   1.9416561e-01   2.7567590e-02   2.2147381e-02   6.7976420e-03   1.7835509e-01   3.1453887e-02
   1.1780092e+02   2.8723279e+01   8.7481562e-01   1.1621442e-01   1.7767306e-01   2.9185795e-02   2.4999190e-02   7.3282920e-03   2.0631671e-01   4.2865178e-02
   1.7108770e+02   5.2064636e+01   8.3482571e-01   1.4130097e-01   2.2867309e-01   4.8704279e-02   2.2108429e-02   6.8556573e-03   1.8832081e-01   3.7926617e-02
   1.1744784e+02   4.3310273e+01   8.5302200e-01   1.6246746e-01   1.6237888e-01   4.5454785e-02   2.4917561e-02   1.3258995e-02   2.0846164e-01   5.2632106e-02
   1.1446335e+02   3.4538579e+01   8.3019627e-01   1.5585660e-01   1.7283415e-01   3.4060878e-02   2.5495570e-02   7.8446622e-03   1.9620989e-01   5.3282272e-02
   1.3761537e+02   4.4133780e+01   7.9121425e-01   1.4159369e-01   1.9597187e-01   4.0688879e-02   2.2874004e-02   7.5873762e-03   1.7039141e-01   3.5413860e-02
   1.3986361e+02   3.5660343e+01   8.4304966e-01   1.3365319e-01   1.9709227e-01   3.3561204e-02   2.3831327e-02   7.3036607e-03   1.9184098e-01   3.9049833e-02
   1.2310689e+02   3.2321044e+01   8.6632936e-01   1.2817704e-01   1.7950657e-01   3.4633301e-02   2.5902201e-02   9.0119380e-03   2.0133660e-01   4.3854925e-02
   9.9488888e+01   3.6583601e+01   7.3353683e-01   1.7150275e-01   1.4394721e-01   4.1502726e-02   3.3358680e-02   1.5323348e-02   1.5899230e-01   4.8931409e-02
   9.9328058e+01   2.9897450e+01   6.2951674e-01   1.1194716e-01   1.4297329e-01   3.3855304e-02   2.1612267e-02   6.7859652e-03   1.5656050e-01   3.3219334e-02
   1.0645510e+02   3.2118132e+01   6.2097348e-01   1.0542485e-01   1.4997805e-01   3.2887577e-02   2.1968794e-02   8.7433305e-03   1.4367832e-01   3.2964707e-02
   9.3350188e+01   3.7542673e+01   4.5175857e-01   1.0934053e-01   1.3964844e-01   4.0167261e-02   2.4675585e-02   1.0048171e-02   1.0042331e-01   2.5958558e-02
   1.2691656e+02   4.7912431e+01   3.8954331e-01   9.6746326e-02   1.6655652e-01   4.6329962e-02   2.2039845e-02   8.3554674e-03   9.1947921e-02   2.4028440e-02
   1.0177771e+02   3.1613898e+01   3.6374966e-01   1.0918304e-01   1.3753974e-01   3.2973526e-02   2.6374299e-02   8.7038950e-03   7.7571891e-02   2.1214604e-02
   1.1756938e+02   3.0881957e+01   3.4982551e-01   9.3597619e-02   1.5192852e-01   3.1451204e-02   2.3813821e-02   7.9918019e-03   7.9509438e-02   1.9554538e-02
   1.4039074e+02   6.2351553e+01   3.4618649e-01   1.4060328e-01   1.7743308e-01   6.3210092e-02   2.2257582e-02   1.1221739e-02   7.9369182e-02   3.0930137e-02
   1.2290408e+02   3.8522208e+01   3.6135263e-01   1.0929515e-01   1.7142003e-01   4.0762558e-02   2.2060635e-02   6.5737842e-03   7.9053977e-02   2.5980446e-02
   1.0757161e+02   6.5895509e+01   3.1430513e-01   1.2762423e-01   1.4437833e-01   6.2195704e-02   3.2601714e-02   1.8905612e-02   6.9435329e-02   3.4190154e-02
   7.8506712e+01   3.4571056e+01   4.6378341e-01   1.2155771e-01   1.2022713e-01   3.8501265e-02   3.1769592e-02   1.1432350e-02   1.1318781e-01   4.2249779e-02
   9.2828433e+01   3.6592838e+01   3.6147503e-01   1.1287309e-01   1.3078810e-01   4.1844096e-02   2.6340678e-02   1.1799034e-02   8.4512368e-02   2.8005018e-02
   2.8147459e+01   1.3833906e+01   5.1289714e-01   9.9240394e-02   5.3885703e-02   2.5916345e-02   6.4832334e-02   2.1996900e-02   1.4209861e-01   3.4988250e-02
   9.3845441e+01   6.2541161e+01   1.7117902e-01   9.5200734e-02   1.4297239e-01   6.2424830e-02   3.5879456e-02   1.7467913e-02   4.4427068e-02   2.5017841e-02
   1.0255523e+02   5.0955688e+01   4.0080446e-01   1.5819627e-01   1.5394469e-01   5.4555970e-02   2.8092416e-02   1.2594179e-02   1.0246073e-01   4.3799446e-02
   7.3283195e+01   3.2078879e+01   5.7961311e-01   7.5897945e-02   1.1686375e-01   3.9281432e-02   3.5343883e-02   1.3438563e-02   1.5784479e-01   3.4324496e-02
   7.5678613e+01   3.3163466e+01   8.9912381e-01   9.8964275e-02   1.2147512e-01   4.2829446e-02   3.5169421e-02   1.3877731e-02   2.2437511e-01   5.9688508e-02
   8.2255194e+01   4.8237980e+01   1.3750652e-01   3.8707895e-02   1.3490741e-01   5.7695931e-02   3.8084520e-02   1.8615260e-02   3.2061267e-02   1.0775977e-02
   5.3088531e+01   2.8065524e+01   7.5046980e-01   2.0707080e-01   8.8940733e-02   3.9391598e-02   4.2658555e-02   1.7750486e-02   1.8092366e-01   7.3566838e-02
   1.1347548e+02   5.6674312e+01   3.5781704e-01   1.5519593e-01   1.6267348e-01   5.3352524e-02   2.8121918e-02   1.3248004e-02   8.3384600e-02   4.3588607e-02
   1.0685890e+02   3.3582550e+01   5.3275541e-01   9.5545775e-02   1.6014715e-01   3.4761400e-02   2.3256957e-02   6.9869108e-03   1.2111546e-01   2.3987102e-02
   8.1687449e+01   3.8313136e+01   8.7561405e-01   1.3213710e-01   1.3209979e-01   4.6317103e-02   3.3162954e-02   1.1253678e-02   2.1931797e-01   4.8683038e-02
   9.5856624e+01   4.2872431e+01   4.4613278e-01   1.5180860e-01   1.4389209e-01   4.4214001e-02   3.1935330e-02   1.1470154e-02   1.0922103e-01   4.0730946e-02
   8.9516485e+01   4.9552419e+01   4.9804484e-01   2.0155829e-01   1.4424692e-01   5.3605372e-02   3.1765559e-02   1.3496871e-02   1.2353007e-01   5.3213317e-02
   8.6875399e+01   2.4754569e+01   6.5451528e-01   1.3746263e-01   1.2207865e-01   2.7820224e-02   2.5506076e-02   9.5481735e-03   1.4295586e-01   3.6239686e-02
   9.4353162e+01   3.5013533e+01   4.7177356e-01   1.3732950e-01   1.4138320e-01   3.1243386e-02   2.3493007e-02   7.3919139e-03   1.1607509e-01   3.9509961e-02
   7.6525354e+01   3.5474571e+01   6.8839804e-01   1.3183020e-01   1.2294831e-01   4.4665952e-02   3.1450265e-02   1.2319456e-02   1.5549352e-01   4.1642711e-02
   9.8929652e+01   4.0503546e+01   7.8111542e-01   1.9413851e-01   1.3874315e-01   4.6078736e-02   2.5060774e-02   1.0089438e-02   1.9414377e-01   5.9995938e-02
   1.0924485e+02   3.6870273e+01   5.5671119e-01   2.0202978e-01   1.5782478e-01   3.9557528e-02   2.4882881e-02   9.8306968e-03   1.3034980e-01   4.5460531e-02
   1.1382549e+02   4.2790784e+01   3.3020849e-01   8.8277234e-02   1.5912661e-01   4.6377315e-02   2.4870642e-02   1.0631003e-02   7.2435248e-02   1.8708784e-02
   1.2625355e+02   3.7502395e+01   9.0042782e-01   1.0705257e-01   1.8703446e-01   4.2853310e-02   2.4802960e-02   8.0533835e-03   2.1975544e-01   4.0776736e-02
   5.6083043e+01   3.6293756e+01   4.3506456e-01   1.8819595e-01   9.2491387e-02   4.6360917e-02   5.1508468e-02   3.0882969e-02   1.2690074e-01   6.3744847e-02
   2.6622955e+01   1.5641103e+01   7.1425648e-01   1.6381422e-01   4.6683175e-02   2.6455378e-02   7.2075109e-02   2.7579661e-02   1.5896704e-01   6.0408954e-02
   5.5264373e+01   3.4657882e+01   4.6693231e-01   1.0064410e-01   8.4811572e-02   4.2384293e-02   5.2543672e-02   1.9598146e-02   1.0599067e-01   2.9420924e-02
   8.5788572e+01   4.3265907e+01   4.1009128e-01   1.3441868e-01   1.2015737e-01   4.6278792e-02   3.2707736e-02   1.4402137e-02   9.2136211e-02   3.4918165e-02
   6.1035923e+01   2.4120836e+01   5.5353096e-01   1.5753848e-01   9.3408810e-02   3.3050011e-02   3.8451426e-02   1.2301155e-02   1.2952084e-01   3.3141329e-02
   8.4283053e+01   3.7009641e+01   3.2581353e-01   8.5733403e-02   1.4156365e-01   3.9741979e-02   3.2651970e-02   1.0775709e-02   7.6370312e-02   2.3248021e-02
   1.2429255e+02   6.9626265e+01   3.3908498e-01   1.0402425e-01   1.6118589e-01   5.7451451e-02   2.3150742e-02   7.8709389e-03   7.7912367e-02   1.9320721e-02
   7.5580108e+01   4.1576899e+01   6.3144413e-01   1.9893010e-01   1.2108769e-01   4.8894430e-02   3.2623602e-02   1.4525332e-02   1.5307140e-01   7.3207461e-02
   7.6010251e+01   4.5911889e+01   6.5003274e-01   1.9496677e-01   1.2837936e-01   5.9659778e-02   3.6550069e-02   1.6814178e-02   1.5463909e-01   6.0801737e-02
   4.9230231e+01   3.1486252e+01   5.9965172e-01   2.0950058e-01   8.6288760e-02   4.4690275e-02   5.1404380e-02   3.0311659e-02   1.4350876e-01   6.3316953e-02
   7.9424605e+01   5.5927884e+01   4.8148156e-01   2.5212454e-01   1.1582334e-01   6.0677919e-02   4.3151932e-02   3.2961690e-02   1.1706257e-01   7.1954187e-02
   7.1769132e+01   5.4287188e+01   5.7756518e-01   2.1034466e-01   1.0809487e-01   5.6467549e-02   4.4704808e-02   2.2004695e-02   1.4658048e-01   6.6384942e-02
